# Fix print output for fix thermo_output
30100 301.591946791451 -392.703958487771 24588.3377265013 10112.719454138 34701.0571806394 33808.1366725571 155909.159143616 53.821675039792 53.821675039792 53.821675039792
30200 299.524306099402 -479.417779360834 24483.9806473186 10043.3891206424 34527.369767961 33437.2815274985 155909.159143616 53.821675039792 53.821675039792 53.821675039792
30300 296.786771250535 -1380.01929387262 24443.9819497257 9951.5964775793 34395.578427305 31257.7248294109 155909.159143616 53.821675039792 53.821675039792 53.821675039792
30400 300.400754902875 -277.053053880733 24395.8996122431 10072.7774413841 34468.6770536272 33838.7207002724 155909.159143616 53.821675039792 53.821675039792 53.821675039792
30500 298.315867973087 -274.550256984581 24611.814810312 10002.86882201 34614.6836323219 33990.4180763932 155909.159143616 53.821675039792 53.821675039792 53.821675039792
30600 304.879556884467 -793.10655090259 24464.4005901116 10222.9567429614 34687.357333073 32884.0113542792 155909.159143616 53.821675039792 53.821675039792 53.821675039792
30700 303.000765821448 -119.425287573202 24466.5816106496 10159.9587513526 34626.5403620022 34354.9941090223 155909.159143616 53.821675039792 53.821675039792 53.821675039792
30800 297.558716711138 71.9369844957322 24547.81298723 9977.48068291048 34525.2936701405 34688.8621989457 155909.159143616 53.821675039792 53.821675039792 53.821675039792
30900 300.303973510004 -1295.1544105497 24432.5108911092 10069.5322517002 34502.0431428094 31557.1532090119 155909.159143616 53.821675039792 53.821675039792 53.821675039792
31000 299.816226411038 -1377.53096978709 24455.0167796378 10053.177539219 34508.1943188568 31375.9986104713 155909.159143616 53.821675039792 53.821675039792 53.821675039792
31100 298.816659908449 -5.0361023813042 24515.3752574072 10019.6609426256 34535.0362000327 34523.5852355088 155909.159143616 53.821675039792 53.821675039792 53.821675039792
31200 301.966799187253 -742.637865665955 24515.119053022 10125.2886793968 34640.4077324188 32951.8161967359 155909.159143616 53.821675039792 53.821675039792 53.821675039792
31300 304.88791581497 -117.669071879061 24518.5284943193 10223.2370273656 34741.7655216849 34474.212508335 155909.159143616 53.821675039792 53.821675039792 53.821675039792
31400 301.995000457272 -314.024558311547 24528.0333214008 10126.2342999115 34654.2676213123 33940.2463793629 155909.159143616 53.821675039792 53.821675039792 53.821675039792
31500 298.096556989586 -201.86664255303 24480.0768715768 9995.51507641779 34475.5919479946 34016.5925894767 155909.159143616 53.821675039792 53.821675039792 53.821675039792
31600 300.537302927108 -694.340868427177 24396.4738136897 10077.3560512435 34473.8298649332 32895.0548421253 155909.159143616 53.821675039792 53.821675039792 53.821675039792
31700 301.25485649933 155.694491703513 24488.3583154458 10101.4164349719 34589.7747504177 34943.7890190104 155909.159143616 53.821675039792 53.821675039792 53.821675039792
31800 302.921469652569 -1218.42212843316 24527.6142595939 10157.2998610268 34684.9141206207 31914.4961442684 155909.159143616 53.821675039792 53.821675039792 53.821675039792
31900 304.164655253152 -228.27966363027 24463.8593957746 10198.9852818143 34662.8446775889 34143.7880477079 155909.159143616 53.821675039792 53.821675039792 53.821675039792
32000 299.400913164421 -895.539009614423 24366.6743850513 10039.2516158205 34405.9260008718 32369.6716413494 155909.159143616 53.821675039792 53.821675039792 53.821675039792
32100 296.374232367748 58.7515733250612 24438.3276134513 9937.7635817413 34376.0911951926 34509.6790635351 155909.159143616 53.821675039792 53.821675039792 53.821675039792
32200 299.89818172552 -339.588135674174 24463.1932554182 10055.9255937077 34519.1188491259 33746.9717798359 155909.159143616 53.821675039792 53.821675039792 53.821675039792
32300 302.576107622567 -182.074635160654 24489.3479285495 10145.7194811238 34635.0674096733 34221.0706260335 155909.159143616 53.821675039792 53.821675039792 53.821675039792
32400 301.310197767395 -867.914549697466 24540.4190408706 10103.2720903504 34643.691131221 32670.2485826097 155909.159143616 53.821675039792 53.821675039792 53.821675039792
32500 299.787112500825 -551.876345853634 24462.368686212 10052.2013168453 34514.5700030573 33259.7272735981 155909.159143616 53.821675039792 53.821675039792 53.821675039792
32600 299.212283668278 -157.181419695654 24346.2118842852 10032.9266552386 34379.1385395239 34021.7433309902 155909.159143616 53.821675039792 53.821675039792 53.821675039792
32700 298.837672696829 -546.832826311507 24393.1187258001 10020.3655252118 34413.4842510119 33170.1093510327 155909.159143616 53.821675039792 53.821675039792 53.821675039792
32800 298.539391297847 -882.69250764894 24470.6469801787 10010.363812174 34481.0107923528 32473.9664899591 155909.159143616 53.821675039792 53.821675039792 53.821675039792
32900 298.061854292934 -1114.83031513294 24570.0039058492 9994.35145570685 34564.3553615561 32029.481877603 155909.159143616 53.821675039792 53.821675039792 53.821675039792
33000 296.442432021974 -1277.38729410151 24720.9110513928 9940.05039336673 34660.9614447595 31756.469939099 155909.159143616 53.821675039792 53.821675039792 53.821675039792
33100 301.290539640687 -795.407419161758 24700.8884814792 10102.6129311039 34803.5014125831 32994.9237766832 155909.159143616 53.821675039792 53.821675039792 53.821675039792
33200 305.306885816014 -8.20224386280545 24610.465748066 10237.2855658804 34847.7513139464 34829.1012555523 155909.159143616 53.821675039792 53.821675039792 53.821675039792
33300 300.245347255246 -576.156446932491 24543.3831091165 10067.5664469984 34610.9495561149 33300.8993358143 155909.159143616 53.821675039792 53.821675039792 53.821675039792
33400 297.985351240016 -46.8538079909113 24522.1193921956 9991.78622172173 34513.9056139173 34407.3705889129 155909.159143616 53.821675039792 53.821675039792 53.821675039792
33500 301.145235879038 5.56504379914371 24347.3807990949 10097.7407314553 34445.1215305502 34457.7751889339 155909.159143616 53.821675039792 53.821675039792 53.821675039792
33600 300.845110790266 -407.680730243695 24342.5140503062 10087.6771974114 34430.1912477175 33503.2169279618 155909.159143616 53.821675039792 53.821675039792 53.821675039792
33700 301.378960249181 -270.240822286538 24477.5059510998 10105.5777742211 34583.083725321 33968.6168549846 155909.159143616 53.821675039792 53.821675039792 53.821675039792
33800 303.576364332398 -1126.45226363707 24492.3759598967 10179.2592211476 34671.6351810443 32110.3359992114 155909.159143616 53.821675039792 53.821675039792 53.821675039792
33900 301.132949097708 -266.337566427385 24478.18018351 10097.3287417655 34575.5089252756 33969.9171811752 155909.159143616 53.821675039792 53.821675039792 53.821675039792
34000 299.374800086847 -586.740524232769 24448.6908006067 10038.3760147628 34487.0668153696 33152.9507829571 155909.159143616 53.821675039792 53.821675039792 53.821675039792
34100 301.594233271945 -219.643683531995 24376.0685032304 10112.7961224178 34488.8646256482 33989.4442728417 155909.159143616 53.821675039792 53.821675039792 53.821675039792
34200 298.11692563277 -817.382547094482 24555.317264489 9996.1980600862 34551.5153245752 32692.9711885299 155909.159143616 53.821675039792 53.821675039792 53.821675039792
34300 300.730086138911 -187.344839850601 24553.2515529359 10083.8202906145 34637.0718435504 34211.0917993711 155909.159143616 53.821675039792 53.821675039792 53.821675039792
34400 303.500529137145 -1140.66699667861 24600.6112919585 10176.7163811862 34777.3276731447 32183.7073843421 155909.159143616 53.821675039792 53.821675039792 53.821675039792
34500 303.322541654304 -1081.53611980986 24597.2462043699 10170.7482593597 34767.9944637296 32308.8244942473 155909.159143616 53.821675039792 53.821675039792 53.821675039792
34600 300.295886081288 -574.941315808554 24471.6262126475 10069.2610710583 34540.8872837058 33233.5999983772 155909.159143616 53.821675039792 53.821675039792 53.821675039792
34700 295.540719232833 -351.382666679335 24578.6251000518 9909.81494258031 34488.4400426321 33689.4748616575 155909.159143616 53.821675039792 53.821675039792 53.821675039792
34800 301.157495399149 -880.14634934894 24415.0991627332 10098.1518070455 34513.2509697786 32511.9960588941 155909.159143616 53.821675039792 53.821675039792 53.821675039792
34900 300.111414437909 159.726558945941 24558.197722784 10063.0755279873 34621.2732507714 34984.4555337243 155909.159143616 53.821675039792 53.821675039792 53.821675039792
35000 301.972696324057 -1017.64274266732 24625.7538084361 10125.4864170709 34751.2402255069 32437.3494301916 155909.159143616 53.821675039792 53.821675039792 53.821675039792
35100 302.227948312828 -449.883917064882 24499.1055068879 10134.0453052641 34633.1508121519 33610.2159343103 155909.159143616 53.821675039792 53.821675039792 53.821675039792
35200 299.347961019394 -1260.32920480889 24430.2365504017 10037.4760704425 34467.7126208442 31602.0073749829 155909.159143616 53.821675039792 53.821675039792 53.821675039792
35300 295.027525002651 -885.54171142059 24589.0437093012 9892.6069589769 34481.6506682781 32468.1279171078 155909.159143616 53.821675039792 53.821675039792 53.821675039792
35400 301.933586824797 -400.444113008548 24446.6924629797 10124.1750312789 34570.8674942586 33660.3476150522 155909.159143616 53.821675039792 53.821675039792 53.821675039792
35500 302.267911322389 225.483923372982 24507.1178104801 10135.3853102229 34642.503120703 35155.2028658186 155909.159143616 53.821675039792 53.821675039792 53.821675039792
35600 299.209705377755 -1103.47184507786 24518.8847011514 10032.8402022381 34551.7249033895 32042.6780265622 155909.159143616 53.821675039792 53.821675039792 53.821675039792
35700 297.338117359515 -544.045737791408 24413.6159184079 9970.08373687639 34383.6996552843 33146.6619679653 155909.159143616 53.821675039792 53.821675039792 53.821675039792
35800 298.461435410523 -812.010645334617 24373.8938667866 10007.7498630063 34381.643729793 32535.3140905591 155909.159143616 53.821675039792 53.821675039792 53.821675039792
35900 298.363582478564 -530.621988600275 24493.4704060285 10004.4687434035 34497.939149432 33291.4240496476 155909.159143616 53.821675039792 53.821675039792 53.821675039792
36000 300.800129826847 -1321.43894679538 24489.239016417 10086.1689347781 34575.4079511952 31570.7528916536 155909.159143616 53.821675039792 53.821675039792 53.821675039792
36100 298.821563450953 -217.686510311533 24539.662329632 10019.8253639578 34559.4876935898 34064.517512646 155909.159143616 53.821675039792 53.821675039792 53.821675039792
36200 301.309381120253 13.6337508515871 24443.4474008007 10103.244707247 34546.6921080477 34577.6921921425 155909.159143616 53.821675039792 53.821675039792 53.821675039792
36300 299.921637574069 -809.597269780159 24519.6286446953 10056.7120948675 34576.3407395627 32735.4985737289 155909.159143616 53.821675039792 53.821675039792 53.821675039792
36400 303.973566686494 -978.101547345969 24443.3876869705 10192.5778658138 34635.9655527842 32411.9825453926 155909.159143616 53.821675039792 53.821675039792 53.821675039792
36500 301.147908598019 -426.854586873173 24529.2583055357 10097.8303507489 34627.0886562846 33656.5172975039 155909.159143616 53.821675039792 53.821675039792 53.821675039792
36600 297.767665024048 -1223.12456016155 24536.8324128759 9984.48695642457 34521.3193693005 31740.2091204681 155909.159143616 53.821675039792 53.821675039792 53.821675039792
36700 299.213809760176 -518.403718529598 24375.2253565542 10032.9778268279 34408.2031833821 33229.469682646 155909.159143616 53.821675039792 53.821675039792 53.821675039792
36800 299.269905469117 -167.282950075928 24320.4658333688 10034.8587794632 34355.3246128319 33974.9607953891 155909.159143616 53.821675039792 53.821675039792 53.821675039792
36900 300.779169257681 477.06554188275 24376.671731435 10085.4661031613 34462.1378345963 35546.8776158985 155909.159143616 53.821675039792 53.821675039792 53.821675039792
37000 304.894338821199 -1306.78885177772 24411.7009447093 10223.4523980369 34635.1533427462 31663.8093054235 155909.159143616 53.821675039792 53.821675039792 53.821675039792
37100 303.297106557518 -721.860739057296 24443.1374372585 10169.8953917655 34613.0328290241 32971.683807828 155909.159143616 53.821675039792 53.821675039792 53.821675039792
37200 298.600430094907 107.09129789173 24448.4280261233 10012.4105121508 34460.8385382741 34704.3400718285 155909.159143616 53.821675039792 53.821675039792 53.821675039792
37300 297.632131891206 -305.634698279527 24437.37882997 9979.94237702266 34417.3212069926 33722.3766204235 155909.159143616 53.821675039792 53.821675039792 53.821675039792
37400 299.881616218175 -469.916319912717 24405.7642539379 10055.3701334901 34461.134387428 33392.6503294918 155909.159143616 53.821675039792 53.821675039792 53.821675039792
37500 299.495031294784 -656.747218500017 24473.4503554696 10042.407503297 34515.8578587666 33022.562343532 155909.159143616 53.821675039792 53.821675039792 53.821675039792
37600 302.976451858202 191.306130846581 24387.7308242674 10159.1434766354 34546.8743009028 34981.8614301708 155909.159143616 53.821675039792 53.821675039792 53.821675039792
37700 301.87207553742 -467.382520259758 24432.0831318749 10122.1124881668 34554.1956200417 33491.47285283 155909.159143616 53.821675039792 53.821675039792 53.821675039792
37800 302.760731008582 -710.368838060942 24389.9775208681 10151.9101122972 34541.8876331653 32926.6686110557 155909.159143616 53.821675039792 53.821675039792 53.821675039792
37900 297.953549953548 -602.996229088903 24439.9719615194 9990.71988857937 34430.6918500988 33059.6139996917 155909.159143616 53.821675039792 53.821675039792 53.821675039792
38000 294.09981867834 -240.939124902867 24439.8124681062 9861.49991552497 34301.3123836312 33753.4709851038 155909.159143616 53.821675039792 53.821675039792 53.821675039792
38100 299.403453798601 -480.058224233829 24331.8716010412 10039.3368061612 34371.2084072024 33279.6639390931 155909.159143616 53.821675039792 53.821675039792 53.821675039792
38200 298.597676439271 -820.545826647294 24535.8876312795 10012.3181789595 34548.205810239 32682.469087706 155909.159143616 53.821675039792 53.821675039792 53.821675039792
38300 298.04898451136 -628.238498668547 24591.9625097809 9993.91991735885 34585.8824271397 33157.4093310493 155909.159143616 53.821675039792 53.821675039792 53.821675039792
38400 303.529017530104 76.4621729573299 24381.5826950017 10177.6716292581 34559.2543242598 34733.1121142069 155909.159143616 53.821675039792 53.821675039792 53.821675039792
38500 297.8548453291 -825.244127884155 24489.3160657983 9987.4102107631 34476.7262765614 32600.3066733575 155909.159143616 53.821675039792 53.821675039792 53.821675039792
38600 298.429345287766 -140.673014337498 24313.7592477678 10006.6738448562 34320.433092624 34000.5742862106 155909.159143616 53.821675039792 53.821675039792 53.821675039792
38700 298.492709714391 -418.518398896823 24244.2096506058 10008.7985258254 34253.0081764312 33301.3914348435 155909.159143616 53.821675039792 53.821675039792 53.821675039792
38800 298.935127916856 -182.504325225791 24473.0489338898 10023.6333090831 34496.6822429729 34081.7084407343 155909.159143616 53.821675039792 53.821675039792 53.821675039792
38900 302.524408981964 20.1997531324938 24413.2360810548 10143.9859671685 34557.2220482233 34603.151745239 155909.159143616 53.821675039792 53.821675039792 53.821675039792
39000 299.254291557184 -1333.25907869826 24527.555524576 10034.3352273172 34561.8907518931 31530.3593699815 155909.159143616 53.821675039792 53.821675039792 53.821675039792
39100 298.396811865625 -618.334518009616 24511.0300470308 10005.5829623757 34516.6130094065 33110.659338575 155909.159143616 53.821675039792 53.821675039792 53.821675039792
39200 298.077553454269 -1481.66697413271 24397.573423838 9994.87786636185 34392.4512901999 31023.4737213309 155909.159143616 53.821675039792 53.821675039792 53.821675039792
39300 296.332843070992 -1176.12022819251 24410.1582019375 9936.37575175795 34346.5339536954 31672.3009875507 155909.159143616 53.821675039792 53.821675039792 53.821675039792
39400 300.442331266377 -351.534511084899 24457.275302905 10074.1715439273 34531.4468468322 33732.1364058193 155909.159143616 53.821675039792 53.821675039792 53.821675039792
39500 301.709340191617 -768.982962079531 24531.3005093192 10116.6557877645 34647.9562970837 32899.4619354511 155909.159143616 53.821675039792 53.821675039792 53.821675039792
39600 301.745764830804 -629.384891984992 24473.8959229531 10117.8771471584 34591.7730701115 33160.6933333686 155909.159143616 53.821675039792 53.821675039792 53.821675039792
39700 299.316514751651 -1156.18679699229 24426.0852536774 10036.42164148 34462.5068951574 31833.5980698328 155909.159143616 53.821675039792 53.821675039792 53.821675039792
39800 297.686052213033 -536.763600053213 24418.0299241883 9981.75038646494 34399.7803106533 33179.3005672729 155909.159143616 53.821675039792 53.821675039792 53.821675039792
39900 302.057509147997 -428.920354107848 24336.2954254161 10128.3302870871 34464.6257125032 33489.3572634872 155909.159143616 53.821675039792 53.821675039792 53.821675039792
40000 307.886825685668 -424.007295507946 24385.2590025089 10323.7938708532 34709.0528733621 33744.9556149756 155909.159143616 53.821675039792 53.821675039792 53.821675039792
40100 303.252950313617 -528.227789376782 24501.5841355393 10168.4147829115 34669.9989184508 33468.9276894013 155909.159143616 53.821675039792 53.821675039792 53.821675039792
40200 300.655906872574 -241.435470989853 24458.4785702641 10081.3329758246 34539.8115460887 33990.8415681554 155909.159143616 53.821675039792 53.821675039792 53.821675039792
40300 300.338849538229 -887.7143172161 24381.3792826423 10070.701684415 34452.0809670574 32433.6181987855 155909.159143616 53.821675039792 53.821675039792 53.821675039792
40400 297.848876692136 -494.879676334075 24452.5842776545 9987.21007560768 34439.7943532622 33314.5492354553 155909.159143616 53.821675039792 53.821675039792 53.821675039792
40500 303.458882638818 -323.717556030583 24395.4398011122 10175.3199269429 34570.7597280551 33834.6987886159 155909.159143616 53.821675039792 53.821675039792 53.821675039792
40600 303.954188064799 -509.057892011106 24570.3574791696 10191.9280786868 34762.2855578565 33604.8023653563 155909.159143616 53.821675039792 53.821675039792 53.821675039792
40700 303.735985744698 -942.58679513988 24513.9054958377 10184.6115078337 34698.5170036714 32555.2865578439 155909.159143616 53.821675039792 53.821675039792 53.821675039792
40800 301.019092174454 -93.6220578144115 24466.9984522806 10093.5109902141 34560.5094424946 34347.633932522 155909.159143616 53.821675039792 53.821675039792 53.821675039792
40900 297.256175579349 -834.964679873798 24512.432438949 9967.33613620863 34479.7685751576 32581.2466222476 155909.159143616 53.821675039792 53.821675039792 53.821675039792
41000 297.373861828793 -1499.26789709696 24483.5852122697 9971.28228940304 34454.8675016728 31045.8693912833 155909.159143616 53.821675039792 53.821675039792 53.821675039792
41100 299.169456635776 -542.586978435912 24470.0609237422 10031.4906163478 34501.55154009 33267.8307435655 155909.159143616 53.821675039792 53.821675039792 53.821675039792
41200 301.312550255425 -444.561902876938 24595.7692394345 10103.3509719376 34699.1202113722 33688.2863972198 155909.159143616 53.821675039792 53.821675039792 53.821675039792
41300 305.451589796477 -1031.03565195742 24456.4161368699 10242.1376541868 34698.5537910567 32354.2105312078 155909.159143616 53.821675039792 53.821675039792 53.821675039792
41400 302.804272429835 -349.686665792479 24374.7469862244 10153.3701054517 34528.1170916761 33733.0082353982 155909.159143616 53.821675039792 53.821675039792 53.821675039792
41500 298.939131074384 -638.833263510944 24441.6304410412 10023.7675394876 34465.3979805289 33012.8347712588 155909.159143616 53.821675039792 53.821675039792 53.821675039792
41600 300.69158798049 -128.462578979344 24398.3996366592 10082.529403773 34480.9290404322 34188.8340186924 155909.159143616 53.821675039792 53.821675039792 53.821675039792
41700 299.433556561073 -1373.42092815557 24523.2608527221 10040.3461858708 34563.6070385929 31440.756640797 155909.159143616 53.821675039792 53.821675039792 53.821675039792
41800 300.803193782828 -186.631218893014 24589.8215990159 10086.2716726914 34676.0932717072 34251.7358411387 155909.159143616 53.821675039792 53.821675039792 53.821675039792
41900 305.002002732672 -159.021897170659 24496.1967195798 10227.0624908913 34723.2592104711 34361.6791699627 155909.159143616 53.821675039792 53.821675039792 53.821675039792
42000 302.317525636664 -1016.55984801892 24423.7701032631 10137.0489343564 34560.8190376195 32249.3905012622 155909.159143616 53.821675039792 53.821675039792 53.821675039792
42100 299.069462028999 -1030.9629972502 24409.8928353045 10028.1376839634 34438.0305192679 32093.8524598879 155909.159143616 53.821675039792 53.821675039792 53.821675039792
42200 296.46592346109 -539.13522659084 24474.9644252871 9940.83808791852 34415.8025132056 33189.9302243029 155909.159143616 53.821675039792 53.821675039792 53.821675039792
42300 298.536660567799 43.0268981154711 24464.2990286844 10010.2722477036 34474.5712763881 34572.4047687583 155909.159143616 53.821675039792 53.821675039792 53.821675039792
42400 299.594087755704 -977.759420386809 24587.5805279984 10045.7289785886 34633.3095065871 32410.1044189785 155909.159143616 53.821675039792 53.821675039792 53.821675039792
42500 304.608306773983 -396.180899332459 24495.3788495986 10213.8614196333 34709.2402692318 33808.413979406 155909.159143616 53.821675039792 53.821675039792 53.821675039792
42600 299.574666247214 -1197.50428031232 24534.308101442 10045.0777534189 34579.3858548609 31856.530362075 155909.159143616 53.821675039792 53.821675039792 53.821675039792
42700 302.364798912476 -1239.96329297972 24286.3613749363 10138.6340608197 34424.995435756 31605.5976944283 155909.159143616 53.821675039792 53.821675039792 53.821675039792
42800 297.505399243299 -1028.98431379453 24467.7153703467 9975.69288784499 34443.4082581917 32103.729280113 155909.159143616 53.821675039792 53.821675039792 53.821675039792
42900 301.96300643186 115.326038251777 24415.2656562963 10125.1615040141 34540.4271603104 34802.6526419874 155909.159143616 53.821675039792 53.821675039792 53.821675039792
43000 304.653284414703 -366.161124221474 24379.3348925701 10215.3695708527 34594.7044634227 33762.136392709 155909.159143616 53.821675039792 53.821675039792 53.821675039792
43100 301.088560951529 -1168.32009693426 24439.0721878646 10095.8403569656 34534.9125448302 31878.4153234257 155909.159143616 53.821675039792 53.821675039792 53.821675039792
43200 298.377374269688 -343.465735187529 24352.8974568057 10004.9311977757 34357.8286545814 33576.8647958174 155909.159143616 53.821675039792 53.821675039792 53.821675039792
43300 298.561808747124 -709.998171761557 24316.5799378366 10011.1154946305 34327.6954324671 32713.3192221836 155909.159143616 53.821675039792 53.821675039792 53.821675039792
43400 299.415904542585 -951.337999140828 24412.699035495 10039.7542937043 34452.4533291994 32289.324613049 155909.159143616 53.821675039792 53.821675039792 53.821675039792
43500 298.486901519241 -353.196818273074 24557.7931233566 10008.6037704657 34566.3968938223 33763.306740008 155909.159143616 53.821675039792 53.821675039792 53.821675039792
43600 298.151063850213 -919.246657263386 24573.2718133413 9997.34275317016 34570.6145665115 32480.4543465397 155909.159143616 53.821675039792 53.821675039792 53.821675039792
43700 302.06420032457 99.3943197565579 24390.2366015293 10128.5546498137 34518.791251343 34744.7915871667 155909.159143616 53.821675039792 53.821675039792 53.821675039792
43800 299.367374621343 -789.617484468589 24394.8008191149 10038.127030497 34432.9278496119 32637.5152234254 155909.159143616 53.821675039792 53.821675039792 53.821675039792
43900 297.824721526597 -1195.80732435763 24355.1310240766 9986.4001255574 34341.531149634 31622.5341531542 155909.159143616 53.821675039792 53.821675039792 53.821675039792
44000 297.214495283502 -624.856229854977 24298.638182683 9965.93854869629 34264.5767313793 32843.7941541192 155909.159143616 53.821675039792 53.821675039792 53.821675039792
44100 296.310296680914 -746.243989220171 24400.4726391657 9935.61974577043 34336.0923849361 32639.3013350731 155909.159143616 53.821675039792 53.821675039792 53.821675039792
44200 302.179267985378 -923.90816843664 24377.1024032241 10132.4129987663 34509.5154019904 32408.7559536806 155909.159143616 53.821675039792 53.821675039792 53.821675039792
44300 301.649527131255 -138.206075131165 24425.8683947881 10114.6501881271 34540.5185829152 34226.2690416032 155909.159143616 53.821675039792 53.821675039792 53.821675039792
44400 300.298792856393 -691.518786920863 24446.2138961246 10069.3585385188 34515.5724346434 32943.2141906787 155909.159143616 53.821675039792 53.821675039792 53.821675039792
44500 300.326187998373 -1228.0495202514 24400.0471977593 10070.2771286476 34470.3243264069 31678.0158256327 155909.159143616 53.821675039792 53.821675039792 53.821675039792
44600 298.907831333212 718.926379708297 24346.2012851585 10022.718023727 34368.9193088855 36003.596256668 155909.159143616 53.821675039792 53.821675039792 53.821675039792
44700 299.397560449898 161.512719939134 24325.5274675138 10039.1391955064 34364.6666630202 34731.9102744805 155909.159143616 53.821675039792 53.821675039792 53.821675039792
44800 300.252256935787 -1306.50748502816 24457.5071734513 10067.7981364105 34525.3053098618 31554.6010372666 155909.159143616 53.821675039792 53.821675039792 53.821675039792
44900 301.500073684173 -474.677046884218 24510.2348890952 10109.6388448274 34619.8737339226 33540.5648532303 155909.159143616 53.821675039792 53.821675039792 53.821675039792
45000 300.030845663245 -798.042532636509 24530.0724881752 10060.3739657487 34590.4464539238 32775.8771624476 155909.159143616 53.821675039792 53.821675039792 53.821675039792
45100 300.283785131677 -48.3959986770592 24433.7255116149 10068.8553125165 34502.5808241314 34392.5392042449 155909.159143616 53.821675039792 53.821675039792 53.821675039792
45200 300.861215731139 -510.891367239868 24310.7122001711 10088.2172143137 34398.9294144848 33237.2773115435 155909.159143616 53.821675039792 53.821675039792 53.821675039792
45300 296.312186966537 -555.066082120546 24219.3864105171 9935.68312918763 34155.0695397047 32892.9740671383 155909.159143616 53.821675039792 53.821675039792 53.821675039792
45400 295.034280997246 -1174.93443328908 24324.2234004357 9892.83349512515 34217.0568955609 31545.5201604186 155909.159143616 53.821675039792 53.821675039792 53.821675039792
45500 299.698790931667 -349.770691238286 24333.5113824568 10049.2397946291 34382.7511770859 33587.4512658361 155909.159143616 53.821675039792 53.821675039792 53.821675039792
45600 300.700905464587 -312.466788398129 24411.2867682863 10082.8418295645 34494.1285978509 33783.6493744437 155909.159143616 53.821675039792 53.821675039792 53.821675039792
45700 299.3841354847 -657.660725224778 24526.575585373 10038.6890412229 34565.2646265959 33069.8920024573 155909.159143616 53.821675039792 53.821675039792 53.821675039792
45800 299.207913892606 -277.28692434387 24566.864181012 10032.7801317127 34599.6443127246 33969.1561905189 155909.159143616 53.821675039792 53.821675039792 53.821675039792
45900 302.070600739966 -1126.59418115225 24419.0279748002 10128.7692629888 34547.797237789 31986.1753674346 155909.159143616 53.821675039792 53.821675039792 53.821675039792
46000 296.866305616355 -951.995969259905 24428.9075051112 9954.26335491824 34383.1708600294 32218.5460677628 155909.159143616 53.821675039792 53.821675039792 53.821675039792
46100 296.719175672669 -316.308824561584 24383.137888066 9949.32992131821 34332.4678093842 33613.2526595648 155909.159143616 53.821675039792 53.821675039792 53.821675039792
46200 294.251641325804 -339.390838494261 24612.9230732345 9866.59070079603 34479.5137740305 33707.8153141684 155909.159143616 53.821675039792 53.821675039792 53.821675039792
46300 298.835114871988 -1199.66864922704 24541.0774627621 10020.2797584487 34561.3572212108 31833.5804401383 155909.159143616 53.821675039792 53.821675039792 53.821675039792
46400 301.201882205965 -1411.0073858051 24428.2610494464 10099.6401469351 34527.9011963815 31319.5876446346 155909.159143616 53.821675039792 53.821675039792 53.821675039792
46500 300.51121341311 -709.294916673439 24393.6021582374 10076.4812402992 34470.0833985367 32857.3062322073 155909.159143616 53.821675039792 53.821675039792 53.821675039792
46600 298.258388575577 -163.964366639591 24431.2201819806 10000.9414727303 34432.1616547109 34059.3435498692 155909.159143616 53.821675039792 53.821675039792 53.821675039792
46700 298.007281657762 -1010.53113653823 24411.1470645734 9992.52157345952 34403.6686380329 32105.9480361185 155909.159143616 53.821675039792 53.821675039792 53.821675039792
46800 298.942341702453 -395.973671686931 24469.0813001352 10023.8751954821 34492.9564956172 33592.6013948654 155909.159143616 53.821675039792 53.821675039792 53.821675039792
46900 302.696046012806 -907.331939477778 24465.7963190821 10149.7411511491 34615.5374702311 32552.4686396606 155909.159143616 53.821675039792 53.821675039792 53.821675039792
47000 299.982606366078 -860.715245664786 24607.4175387729 10058.7564474956 34666.1739862685 32709.1010363733 155909.159143616 53.821675039792 53.821675039792 53.821675039792
47100 303.081945697063 -340.079838550773 24432.3241029118 10162.6808044981 34595.0049074099 33821.7398163304 155909.159143616 53.821675039792 53.821675039792 53.821675039792
47200 298.584373957491 -680.953853090072 24370.4459296352 10011.8721316836 34382.3180613188 32833.9821015204 155909.159143616 53.821675039792 53.821675039792 53.821675039792
47300 296.566909100285 -509.093563234272 24409.2905023802 9944.22425074196 34353.5147531222 33195.9504522807 155909.159143616 53.821675039792 53.821675039792 53.821675039792
47400 300.971960270564 -597.563144931699 24359.5715029716 10091.9306041114 34451.502107083 33092.777868503 155909.159143616 53.821675039792 53.821675039792 53.821675039792
47500 302.047888341831 -712.040171847549 24472.7602581174 10128.0076905632 34600.7679486805 32981.7486893141 155909.159143616 53.821675039792 53.821675039792 53.821675039792
47600 301.657377279967 -1038.31538114315 24484.3484330421 10114.9134125018 34599.2618455439 32238.3661182632 155909.159143616 53.821675039792 53.821675039792 53.821675039792
47700 300.649255327013 -262.280363631448 24449.9267751514 10081.1099419707 34531.0367171221 33934.6701399792 155909.159143616 53.821675039792 53.821675039792 53.821675039792
47800 299.239997744562 -379.971322069948 24413.1812989475 10033.8559395958 34447.0372385433 33583.0678829353 155909.159143616 53.821675039792 53.821675039792 53.821675039792
47900 300.193465764787 -632.241357238856 24382.8061357245 10065.8268018804 34448.6329376049 33011.0582411075 155909.159143616 53.821675039792 53.821675039792 53.821675039792
48000 301.267877975784 -1300.42062942493 24456.2248167851 10101.853059821 34558.0778766061 31601.2137451156 155909.159143616 53.821675039792 53.821675039792 53.821675039792
48100 304.23719815139 12.064906655431 24596.7986968279 10201.4177273291 34798.2164241569 34825.6493092804 155909.159143616 53.821675039792 53.821675039792 53.821675039792
48200 303.20704044363 -711.146168456478 24540.9637592494 10166.8753729893 34707.8391322387 33090.8526355805 155909.159143616 53.821675039792 53.821675039792 53.821675039792
48300 303.745148392944 -246.394460181663 24342.9906290113 10184.9187418039 34527.9093708152 33967.6637664131 155909.159143616 53.821675039792 53.821675039792 53.821675039792
48400 298.906173392103 -203.826347431478 24399.7113429633 10022.6624310843 34422.3737740476 33958.918487246 155909.159143616 53.821675039792 53.821675039792 53.821675039792
48500 298.916880158569 -791.419140246582 24350.6637813729 10023.0214410867 34373.6852224596 32574.1760361089 155909.159143616 53.821675039792 53.821675039792 53.821675039792
48600 296.086250065617 -358.50732687186 24511.0344207862 9928.10720908218 34439.1416298684 33623.9765734876 155909.159143616 53.821675039792 53.821675039792 53.821675039792
48700 302.884862088673 -429.76210991682 24464.3377950633 10156.0723679604 34620.4101630237 33643.2277505541 155909.159143616 53.821675039792 53.821675039792 53.821675039792
48800 303.077130137844 -580.768864369432 24451.8331142613 10162.5193333451 34614.3524476064 33293.8146270861 155909.159143616 53.821675039792 53.821675039792 53.821675039792
48900 300.677887779216 -878.562398994018 24435.5209548403 10082.0700205122 34517.5909753525 32519.9376114479 155909.159143616 53.821675039792 53.821675039792 53.821675039792
49000 298.103670171935 -482.58463733651 24467.6589666759 9995.7535894759 34463.4125561518 33366.1235926726 155909.159143616 53.821675039792 53.821675039792 53.821675039792
49100 296.439304405417 -692.767742123454 24536.4442993339 9939.94552084231 34476.3898201762 32901.1917328894 155909.159143616 53.821675039792 53.821675039792 53.821675039792
49200 300.604695805736 -519.099649721448 24393.5447529602 10079.6158107696 34473.1605637298 33292.8446719331 155909.159143616 53.821675039792 53.821675039792 53.821675039792
49300 301.206889116567 -704.427522671109 24383.2404259036 10099.8080343166 34483.0484602203 32881.3386534926 155909.159143616 53.821675039792 53.821675039792 53.821675039792
49400 298.001962213586 -1098.97725130627 24475.0193065214 9992.34320647335 34467.3625129948 31968.535331863 155909.159143616 53.821675039792 53.821675039792 53.821675039792
49500 301.212514508896 -354.364204614785 24320.3663659803 10099.9966600908 34420.3630260711 33614.6184981848 155909.159143616 53.821675039792 53.821675039792 53.821675039792
49600 297.951667232105 -846.249272373776 24407.6799041109 9990.65675879768 34398.3366629086 32474.1560838228 155909.159143616 53.821675039792 53.821675039792 53.821675039792
49700 300.754492114606 -968.843610679555 24428.3889372834 10084.6386506133 34513.0275878967 32310.095046978 155909.159143616 53.821675039792 53.821675039792 53.821675039792
49800 300.297989958742 102.660177361584 24561.2104329858 10069.3316164515 34630.5420494373 34863.9682111763 155909.159143616 53.821675039792 53.821675039792 53.821675039792
49900 302.083372819669 -1127.13630992844 24503.0925180042 10129.1975252825 34632.2900432867 32069.4354939846 155909.159143616 53.821675039792 53.821675039792 53.821675039792
50000 298.695403393101 -1775.66229296951 24381.1469483598 10015.595074373 34396.7420227327 30359.2851992098 155909.159143616 53.821675039792 53.821675039792 53.821675039792
50100 298.276865160388 -652.47461384115 24336.1900143568 10001.5610135392 34337.751027896 32854.1704550254 155909.159143616 53.821675039792 53.821675039792 53.821675039792
50200 299.440836714456 -1273.09272116644 24367.1985943494 10040.5902976567 34407.7888920061 31513.0622796305 155909.159143616 53.821675039792 53.821675039792 53.821675039792
50300 302.298701687527 -858.437817522419 24414.3331379237 10136.4177460284 34550.7508839521 32598.8562936075 155909.159143616 53.821675039792 53.821675039792 53.821675039792
50400 306.220714449342 -738.736629464172 24296.4115591354 10267.9272746406 34564.338833776 32884.6178320823 155909.159143616 53.821675039792 53.821675039792 53.821675039792
50500 300.353241245304 -761.737390242433 24395.4402948309 10071.1842546483 34466.6245494792 32734.6049891473 155909.159143616 53.821675039792 53.821675039792 53.821675039792
50600 299.533051271621 -835.936616929502 24392.3253392955 10043.6823561686 34436.0076954641 32535.2757762147 155909.159143616 53.821675039792 53.821675039792 53.821675039792
50700 298.154482853429 -1382.68827071899 24441.2184448554 9997.45739621915 34438.6758410745 31294.7535899107 155909.159143616 53.821675039792 53.821675039792 53.821675039792
50800 298.191807067472 -983.837757740995 24489.2161865765 9998.70891937646 34487.9251059529 32250.8992458228 155909.159143616 53.821675039792 53.821675039792 53.821675039792
50900 298.416899243297 -599.587888133182 24567.886972633 10006.256514893 34574.143487526 33210.8154381385 155909.159143616 53.821675039792 53.821675039792 53.821675039792
51000 302.363459684023 -1072.888991455 24514.1075104877 10138.5891549733 34652.696665461 32213.1883216822 155909.159143616 53.821675039792 53.821675039792 53.821675039792
51100 301.610088313739 -1089.83279361199 24485.460792679 10113.3277599211 34598.7885526001 32120.7538122727 155909.159143616 53.821675039792 53.821675039792 53.821675039792
51200 299.271585556856 -157.621091993961 24371.3218901299 10034.9151147073 34406.2370048373 34047.8420803509 155909.159143616 53.821675039792 53.821675039792 53.821675039792
51300 299.260056602427 -649.614683870641 24332.672654223 10034.5285358117 34367.2011900347 32890.1234549052 155909.159143616 53.821675039792 53.821675039792 53.821675039792
51400 300.774206171892 -296.745550078368 24379.8337867365 10085.2996852754 34465.1334720119 33790.4008098623 155909.159143616 53.821675039792 53.821675039792 53.821675039792
51500 300.985548163536 -994.574479426206 24497.5231039099 10092.3862215477 34589.9093254575 32328.4705742039 155909.159143616 53.821675039792 53.821675039792 53.821675039792
51600 300.083888642978 -490.599936500951 24538.2743042675 10062.1525569172 34600.4268611847 33484.9129095238 155909.159143616 53.821675039792 53.821675039792 53.821675039792
51700 303.530963924022 -480.236256833634 24348.7740510723 10177.73689405 34526.5109451223 33434.561670909 155909.159143616 53.821675039792 53.821675039792 53.821675039792
51800 302.058417509309 -1265.66148405545 24345.1834606713 10128.3607454704 34473.5442061417 31595.7145561557 155909.159143616 53.821675039792 53.821675039792 53.821675039792
51900 297.144126592428 -865.273326083449 24442.7263197433 9963.57900680943 34406.3053265527 32438.8683266006 155909.159143616 53.821675039792 53.821675039792 53.821675039792
52000 301.442139107658 -892.612595803762 24283.8074659825 10107.6962328803 34391.5036988628 32361.9033463862 155909.159143616 53.821675039792 53.821675039792 53.821675039792
52100 301.809506154537 -646.119649832698 24361.7396443433 10120.0144659144 34481.7541102577 33012.6232967252 155909.159143616 53.821675039792 53.821675039792 53.821675039792
52200 302.925181719534 -2070.9463574443 24465.5950714692 10157.4243308351 34623.0194023044 29914.1530063016 155909.159143616 53.821675039792 53.821675039792 53.821675039792
52300 300.608855453537 -1223.04564121291 24523.7952665864 10079.7552884702 34603.5505550566 31822.6197501697 155909.159143616 53.821675039792 53.821675039792 53.821675039792
52400 299.733450133508 -1046.0620403561 24332.203089078 10050.4019569098 34382.6050459878 32004.0951573755 155909.159143616 53.821675039792 53.821675039792 53.821675039792
52500 298.771519026391 -636.414523811336 24346.7699764659 10018.1473177393 34364.9172942052 32917.8537551951 155909.159143616 53.821675039792 53.821675039792 53.821675039792
52600 302.166020135297 -338.143358961973 24331.8894974466 10131.9687833531 34463.8582807998 33694.9963089172 155909.159143616 53.821675039792 53.821675039792 53.821675039792
52700 301.180282700489 -1593.56478464337 24442.8558260505 10098.9158910604 34541.7717171108 30918.3636856633 155909.159143616 53.821675039792 53.821675039792 53.821675039792
52800 303.72761729269 -972.312529313062 24351.1263054492 10184.3309041627 34535.4572096119 32324.6371276543 155909.159143616 53.821675039792 53.821675039792 53.821675039792
52900 298.434714634303 -925.57622821299 24362.456570861 10006.853885125 34369.310455986 32264.7582147828 155909.159143616 53.821675039792 53.821675039792 53.821675039792
53000 299.302912057554 -1438.54117639262 24258.0074039095 10035.9655277452 34293.9729316548 31023.0537306664 155909.159143616 53.821675039792 53.821675039792 53.821675039792
53100 299.27982247393 -1420.59365495886 24346.5235171477 10035.1913078631 34381.7148250108 31151.6042525352 155909.159143616 53.821675039792 53.821675039792 53.821675039792
53200 300.508859132056 -675.389385618803 24474.0113984327 10076.4022985898 34550.4136970225 33014.7300851678 155909.159143616 53.821675039792 53.821675039792 53.821675039792
53300 301.219650467038 -813.750191940709 24467.8571367152 10100.235936847 34568.0930735622 32717.8080964568 155909.159143616 53.821675039792 53.821675039792 53.821675039792
53400 298.207498302825 -729.824271489094 24488.0192314702 9999.23506426429 34487.2542957345 32827.7979922678 155909.159143616 53.821675039792 53.821675039792 53.821675039792
53500 299.08301755225 -841.106666676346 24368.2542188959 10028.5922160063 34396.8464349022 32484.3589849357 155909.159143616 53.821675039792 53.821675039792 53.821675039792
53600 298.78921873791 -1256.9173226856 24350.5442728923 10018.7408091071 34369.2850819993 31511.3376889765 155909.159143616 53.821675039792 53.821675039792 53.821675039792
53700 298.847810135155 -1038.67544967883 24461.4398710543 10020.7054449969 34482.1453160512 32120.4308738763 155909.159143616 53.821675039792 53.821675039792 53.821675039792
53800 302.064276226733 -1519.90464173436 24501.5653314269 10128.5571948992 34630.122526326 31174.2010984896 155909.159143616 53.821675039792 53.821675039792 53.821675039792
53900 300.8366275074 -797.286019214857 24494.1273954647 10087.3927433317 34581.5201387964 32768.6709887504 155909.159143616 53.821675039792 53.821675039792 53.821675039792
54000 300.539737106592 -571.117152023532 24369.2131091748 10077.4376720377 34446.6507812125 33148.0587845259 155909.159143616 53.821675039792 53.821675039792 53.821675039792
54100 296.398379188133 -1209.51755496275 24399.2294355722 9938.57325196912 34337.8026875413 31587.6317092026 155909.159143616 53.821675039792 53.821675039792 53.821675039792
54200 298.926804140347 -851.24524564426 24317.9922556904 10023.3542034322 34341.3464591226 32405.8061600885 155909.159143616 53.821675039792 53.821675039792 53.821675039792
54300 299.549542513507 -526.457467354912 24340.2558275498 10044.2353261813 34384.4911537312 33187.4452389294 155909.159143616 53.821675039792 53.821675039792 53.821675039792
54400 301.108687984419 -659.057526457453 24360.050072681 10096.5152391672 34456.5653118482 32958.016675756 155909.159143616 53.821675039792 53.821675039792 53.821675039792
54500 302.471652791804 -1875.8576136558 24368.0675955796 10142.2169923791 34510.2845879587 30245.0061325908 155909.159143616 53.821675039792 53.821675039792 53.821675039792
54600 296.753781695393 -691.826356470758 24547.3383743073 9950.49030044289 34497.8286747502 32924.7710867813 155909.159143616 53.821675039792 53.821675039792 53.821675039792
54700 295.762785914462 -1026.71767426499 24445.0301325614 9917.26108985087 34362.2912224123 32027.7660730043 155909.159143616 53.821675039792 53.821675039792 53.821675039792
54800 297.068767041999 -777.812940682236 24307.1496436494 9961.05211575753 34268.201759407 32499.6300117183 155909.159143616 53.821675039792 53.821675039792 53.821675039792
54900 300.904402269497 360.98385897679 24289.7626286268 10089.6653078429 34379.4279364697 35200.2240700465 155909.159143616 53.821675039792 53.821675039792 53.821675039792
55000 302.63676866879 -1088.932035385 24353.0916863878 10147.7535146873 34500.8452010751 32024.8585824341 155909.159143616 53.821675039792 53.821675039792 53.821675039792
55100 300.690146338474 -508.405306644314 24409.356065864 10082.4810638839 34491.8371297479 33335.8377696479 155909.159143616 53.821675039792 53.821675039792 53.821675039792
55200 299.56459976536 -87.9837934208365 24437.5236829833 10044.7402128845 34482.2638958678 34282.2085314481 155909.159143616 53.821675039792 53.821675039792 53.821675039792
55300 299.980554956256 -1024.39616974456 24435.1089742912 10058.6876614016 34493.7966356927 32164.5500656092 155909.159143616 53.821675039792 53.821675039792 53.821675039792
55400 298.30960666098 -942.072680677793 24494.3693634856 10002.6588731257 34497.0282366112 32354.9667714797 155909.159143616 53.821675039792 53.821675039792 53.821675039792
55500 303.192828924382 -1809.28408285873 24295.8920539169 10166.3988446579 34462.2908985748 30348.3856841925 155909.159143616 53.821675039792 53.821675039792 53.821675039792
55600 297.332537928906 -970.867014092921 24434.286827149 9969.89665225076 34404.1834793997 32196.6501740506 155909.159143616 53.821675039792 53.821675039792 53.821675039792
55700 299.646385293416 -885.242856196496 24298.9054062869 10047.4825742421 34346.387980529 32333.5447589453 155909.159143616 53.821675039792 53.821675039792 53.821675039792
55800 297.167924808026 -589.220526694266 24328.3942993124 9964.37698792405 34292.7712872364 32953.0162868173 155909.159143616 53.821675039792 53.821675039792 53.821675039792
55900 297.883544990794 -884.678048214665 24346.9836741949 9988.37254291496 34335.3562171098 32323.7972418883 155909.159143616 53.821675039792 53.821675039792 53.821675039792
56000 302.290766133402 -1405.67208562845 24366.3270314211 10136.1516579135 34502.4786893347 31306.2964106283 155909.159143616 53.821675039792 53.821675039792 53.821675039792
56100 301.132692266529 -387.77554715539 24471.8338592159 10097.3201299253 34569.1539891412 33687.4395803503 155909.159143616 53.821675039792 53.821675039792 53.821675039792
56200 300.301212143967 -1308.34421054505 24448.5913041592 10069.4396599704 34518.0309641296 31543.1503906688 155909.159143616 53.821675039792 53.821675039792 53.821675039792
56300 298.721916890632 84.6977670750669 24327.5837670669 10016.4841019652 34344.0678690321 34536.6515483546 155909.159143616 53.821675039792 53.821675039792 53.821675039792
56400 298.565656033148 -1106.39564538066 24289.4807700461 10011.244498487 34300.7252685331 31785.0303271893 155909.159143616 53.821675039792 53.821675039792 53.821675039792
56500 297.928446542555 -933.968438808129 24374.1483517177 9989.8781427854 34364.0264945031 32240.3922532676 155909.159143616 53.821675039792 53.821675039792 53.821675039792
56600 297.311473312347 -509.073422487167 24498.9291117563 9969.19033180706 34468.1194435634 33310.6009382525 155909.159143616 53.821675039792 53.821675039792 53.821675039792
56700 302.785539416057 -748.530261885629 24373.1776111091 10152.7419662892 34525.9195773983 32823.9300575277 155909.159143616 53.821675039792 53.821675039792 53.821675039792
56800 301.833376833666 -868.472443544789 24421.5784420979 10120.8148768132 34542.3933189111 32567.6822451249 155909.159143616 53.821675039792 53.821675039792 53.821675039792
56900 299.694996664168 -319.350897556174 24353.1264491915 10049.1125685438 34402.2390177352 33676.1068778901 155909.159143616 53.821675039792 53.821675039792 53.821675039792
57000 299.318984747299 -1577.34890657921 24231.1602625959 10036.5044632307 34267.6647258267 30681.1279552032 155909.159143616 53.821675039792 53.821675039792 53.821675039792
57100 298.655960158891 -1353.1792448806 24298.2541074937 10014.2724980702 34312.5266055639 31235.7012445004 155909.159143616 53.821675039792 53.821675039792 53.821675039792
57200 298.390063305893 -984.203199805817 24475.3749884321 10005.3566755268 34480.7316639589 32242.8748707374 155909.159143616 53.821675039792 53.821675039792 53.821675039792
57300 301.147937179702 -1339.11131232803 24428.3966161846 10097.8313091251 34526.2279253097 31481.3898799099 155909.159143616 53.821675039792 53.821675039792 53.821675039792
57400 301.793792412722 -984.771564058392 24371.1497398325 10119.4875663594 34490.637306192 32251.4881804482 155909.159143616 53.821675039792 53.821675039792 53.821675039792
57500 297.620899526457 -870.643640787205 24445.7459505136 9979.56574311477 34425.3116936284 32445.6638054736 155909.159143616 53.821675039792 53.821675039792 53.821675039792
57600 296.94899751374 -1130.09627325151 24349.4567027884 9957.03610786566 34306.4928106541 31736.9079702581 155909.159143616 53.821675039792 53.821675039792 53.821675039792
57700 291.650329766186 -298.0342737399 24385.218078808 9779.36577886064 34164.5838576686 33486.9209276627 155909.159143616 53.821675039792 53.821675039792 53.821675039792
57800 298.109288640297 -977.616768879911 24302.1344877918 9995.9419830816 34298.0764708734 32075.1957407184 155909.159143616 53.821675039792 53.821675039792 53.821675039792
57900 300.272148821471 -1490.97914879604 24372.9577468378 10068.4651338601 34441.4228806979 31051.2715203455 155909.159143616 53.821675039792 53.821675039792 53.821675039792
58000 300.456899613388 -531.09338678909 24422.5373629679 10074.6600370976 34497.1974000655 33289.6104467865 155909.159143616 53.821675039792 53.821675039792 53.821675039792
58100 301.066861708739 -562.312933476885 24386.2724748771 10095.1127567858 34481.3852316628 33202.8120484565 155909.159143616 53.821675039792 53.821675039792 53.821675039792
58200 297.444442844547 -1358.88174995453 24364.2966826081 9973.6489507768 34337.9456333849 31248.1540579049 155909.159143616 53.821675039792 53.821675039792 53.821675039792
58300 295.948743801867 -848.089548416073 24317.3781888132 9923.49646836685 34240.87465718 32312.5097041322 155909.159143616 53.821675039792 53.821675039792 53.821675039792
58400 298.381084749453 -487.928027154356 24334.851627214 10005.0556143634 34339.9072415774 33230.4686110325 155909.159143616 53.821675039792 53.821675039792 53.821675039792
58500 301.558231614802 -1136.41775269204 24431.382906404 10111.5889460909 34542.9718524948 31959.0133891398 155909.159143616 53.821675039792 53.821675039792 53.821675039792
58600 302.212479775678 -1171.43802884663 24404.225259089 10133.5266276991 34537.7518867882 31874.1651892346 155909.159143616 53.821675039792 53.821675039792 53.821675039792
58700 299.539722079405 70.0314298357357 24388.5620570784 10043.9060359066 34432.468092985 34591.7038189284 155909.159143616 53.821675039792 53.821675039792 53.821675039792
58800 299.642203225038 -609.581951419836 24303.4634129866 10047.3423447543 34350.8057577408 32964.7534554528 155909.159143616 53.821675039792 53.821675039792 53.821675039792
58900 299.622388144481 -1076.6309787515 24370.0279185067 10046.6779226675 34416.7058411742 31968.6890596121 155909.159143616 53.821675039792 53.821675039792 53.821675039792
59000 305.377216869264 -946.800929014355 24378.5727083527 10239.6438457284 34618.2165540811 32465.4041153071 155909.159143616 53.821675039792 53.821675039792 53.821675039792
59100 300.102864582968 -983.859229011082 24533.5114009529 10062.7888416706 34596.3002426235 32359.2255616527 155909.159143616 53.821675039792 53.821675039792 53.821675039792
59200 300.685295660225 -298.39630001643 24410.4670084954 10082.31841515 34492.7854236454 33814.2993272827 155909.159143616 53.821675039792 53.821675039792 53.821675039792
59300 300.38743878256 -236.624029088712 24349.320792178 10072.3309367927 34421.6517289708 33883.6218881411 155909.159143616 53.821675039792 53.821675039792 53.821675039792
59400 301.053652666934 -387.577188234664 24284.744538987 10094.6698426581 34379.4143816451 33498.1509964419 155909.159143616 53.821675039792 53.821675039792 53.821675039792
59500 299.639202216056 -993.038229585455 24369.7931787693 10047.2417175252 34417.0348962945 32159.0892317763 155909.159143616 53.821675039792 53.821675039792 53.821675039792
59600 302.431354762261 -716.289120924129 24338.5101997362 10140.865753821 34479.3759535572 32850.6955393023 155909.159143616 53.821675039792 53.821675039792 53.821675039792
59700 303.950355349158 -715.202080003617 24300.2995635254 10191.7995633918 34492.0991269172 32865.8903993109 155909.159143616 53.821675039792 53.821675039792 53.821675039792
59800 301.155798520792 -231.668949947498 24358.00503195 10098.0949087929 34456.0999407428 33929.336835806 155909.159143616 53.821675039792 53.821675039792 53.821675039792
59900 298.503121330379 -63.5912747245465 24413.1692332488 10009.1476390981 34422.3168723468 34277.7246111552 155909.159143616 53.821675039792 53.821675039792 53.821675039792
60000 299.805392132033 -802.542935198189 24410.0126837655 10052.8142535768 34462.8269373424 32638.024742288 155909.159143616 53.821675039792 53.821675039792 53.821675039792
60100 303.68988115909 -679.397858979533 24488.9998564958 10183.0655688763 34672.0654253721 33127.2674463394 155909.159143616 53.821675039792 53.821675039792 53.821675039792
60200 304.585642103728 -1170.74276097168 24490.2546853354 10213.1014475775 34703.3561329129 32041.3503181866 155909.159143616 53.821675039792 53.821675039792 53.821675039792
60300 298.071355507435 -744.379072803505 24561.5520325996 9994.67004218686 34556.2220747864 32863.6714255568 155909.159143616 53.821675039792 53.821675039792 53.821675039792
60400 300.151600770521 -841.72649623355 24412.9295530102 10064.4230212209 34477.3525742311 32563.4557712107 155909.159143616 53.821675039792 53.821675039792 53.821675039792
60500 298.583007736128 -1447.87540137968 24402.4622240303 10011.8263207344 34414.2885447647 31122.1454148144 155909.159143616 53.821675039792 53.821675039792 53.821675039792
60600 299.839742128659 -1029.61687444726 24362.8505388161 10053.9660478566 34416.8165866726 32075.6993078913 155909.159143616 53.821675039792 53.821675039792 53.821675039792
60700 303.976018346527 -1348.42343543622 24353.3787195424 10192.6600727506 34546.038792293 31480.0270726345 155909.159143616 53.821675039792 53.821675039792 53.821675039792
60800 302.334478427869 156.136821460131 24527.4728340511 10137.6173806404 34665.0902146914 35020.1102416996 155909.159143616 53.821675039792 53.821675039792 53.821675039792
60900 299.856938833752 -485.244978647767 24498.5022839367 10054.5426728493 34553.044956786 33449.7069753023 155909.159143616 53.821675039792 53.821675039792 53.821675039792
61000 300.917277620816 -1286.30151069834 24278.1912695836 10090.0970329508 34368.2883025344 31443.5278725588 155909.159143616 53.821675039792 53.821675039792 53.821675039792
61100 296.357549499593 -410.936201927018 24456.1053534808 9937.20418628287 34393.3095397637 33458.9330093435 155909.159143616 53.821675039792 53.821675039792 53.821675039792
61200 300.376611474428 -957.042651129692 24390.1701974899 10071.9678848918 34462.1380823818 32286.038270213 155909.159143616 53.821675039792 53.821675039792 53.821675039792
61300 302.719659931908 -1440.41296368103 24411.7234989381 10150.5329525935 34562.2564515316 31287.0812270923 155909.159143616 53.821675039792 53.821675039792 53.821675039792
61400 302.435861677549 -558.614886570061 24491.1769456463 10141.0168757936 34632.1938214398 33362.02916545 155909.159143616 53.821675039792 53.821675039792 53.821675039792
61500 303.102367069726 -1093.81702264486 24417.3489392956 10163.3655562456 34580.7144955412 32093.6205141865 155909.159143616 53.821675039792 53.821675039792 53.821675039792
61600 299.964748123657 -654.900570647672 24344.3197814448 10058.1576404072 34402.477421852 32913.3807686429 155909.159143616 53.821675039792 53.821675039792 53.821675039792
61700 296.613184868506 -520.702767918784 24397.7803187668 9945.77592964629 34343.556248413 33159.5952262723 155909.159143616 53.821675039792 53.821675039792 53.821675039792
61800 301.048921644641 -1050.92038025618 24288.8093995202 10094.5112061239 34383.3206056441 31993.7639444229 155909.159143616 53.821675039792 53.821675039792 53.821675039792
61900 303.583409480918 -1389.11561459768 24382.0950389617 10179.4954529543 34561.590491916 31403.0539058627 155909.159143616 53.821675039792 53.821675039792 53.821675039792
62000 304.721606581667 -132.924071179327 24411.9702736474 10217.6604904689 34629.6307641163 34327.3913122124 155909.159143616 53.821675039792 53.821675039792 53.821675039792
62100 299.176579644794 -357.499340223155 24513.1960539941 10031.7294589052 34544.9255128993 33732.0523915272 155909.159143616 53.821675039792 53.821675039792 53.821675039792
62200 300.058079513511 -502.346957957609 24429.138183569 10061.2871475837 34490.4253311527 33348.2012938387 155909.159143616 53.821675039792 53.821675039792 53.821675039792
62300 296.968108611983 -1297.78782454748 24483.5939485342 9957.67692462835 34441.2708731625 31490.3931480172 155909.159143616 53.821675039792 53.821675039792 53.821675039792
62400 300.350680441145 -1011.22237262578 24332.449439658 10071.0983879854 34403.5478276434 32104.2555102798 155909.159143616 53.821675039792 53.821675039792 53.821675039792
62500 298.805324408316 -1047.7619121346 24378.1318026056 10019.2808504715 34397.4126530771 32015.0376382308 155909.159143616 53.821675039792 53.821675039792 53.821675039792
62600 300.741725765741 -206.399819707025 24436.9144222641 10084.2105804811 34521.1250027452 34051.8182185952 155909.159143616 53.821675039792 53.821675039792 53.821675039792
62700 303.878531410861 -954.763826845313 24448.5790909732 10189.3912254179 34637.970316391 32467.052038286 155909.159143616 53.821675039792 53.821675039792 53.821675039792
62800 302.476477002172 -692.478849079816 24422.1899920134 10142.378753615 34564.5687456283 32990.0275361695 155909.159143616 53.821675039792 53.821675039792 53.821675039792
62900 299.654385733748 -1662.07212646067 24349.0128841555 10047.750838065 34396.7637222205 30617.5853983155 155909.159143616 53.821675039792 53.821675039792 53.821675039792
63000 298.392476267272 -514.416649136985 24374.2383832426 10005.437584854 34379.6759680966 33210.0081667273 155909.159143616 53.821675039792 53.821675039792 53.821675039792
63100 298.627360400907 -650.780655261862 24395.9878230794 10013.3135158029 34409.3013388823 32929.5724469601 155909.159143616 53.821675039792 53.821675039792 53.821675039792
63200 300.686225493299 -786.910869558334 24434.3475119199 10082.3495935058 34516.6971054257 32727.4387130039 155909.159143616 53.821675039792 53.821675039792 53.821675039792
63300 301.362675991535 -1462.91214207422 24584.6821242508 10105.0317446244 34689.7138688752 31363.3805713683 155909.159143616 53.821675039792 53.821675039792 53.821675039792
63400 301.321846337348 -940.010946087343 24557.1033995735 10103.66268009 34660.7660796636 32523.392535441 155909.159143616 53.821675039792 53.821675039792 53.821675039792
63500 299.96357762565 -1301.59528773072 24417.8362824589 10058.1183922837 34475.9546747426 31516.4196343688 155909.159143616 53.821675039792 53.821675039792 53.821675039792
63600 297.681871071779 -1051.30391841924 24437.5438610091 9981.6101880646 34419.1540490737 32028.7253083024 155909.159143616 53.821675039792 53.821675039792 53.821675039792
63700 297.285515771204 -1402.97791254872 24427.9723903396 9968.31994606206 34396.2923364017 31206.2360015347 155909.159143616 53.821675039792 53.821675039792 53.821675039792
63800 297.13051408858 -920.690551303533 24461.8951747225 9963.12256414262 34425.0177388652 32331.5744284837 155909.159143616 53.821675039792 53.821675039792 53.821675039792
63900 302.678077539783 -585.196297463874 24389.6978314089 10149.1386479038 34538.8364793127 33208.2316713767 155909.159143616 53.821675039792 53.821675039792 53.821675039792
64000 301.002457072145 -1147.75662669385 24532.3788455401 10092.9531963985 34625.3320419386 32015.591528477 155909.159143616 53.821675039792 53.821675039792 53.821675039792
64100 300.614205231354 -1714.73442061931 24455.0020391735 10079.9346725777 34534.9367117512 30636.0161712462 155909.159143616 53.821675039792 53.821675039792 53.821675039792
64200 296.08639405309 -262.597696511013 24410.4814144331 9928.1120371452 34338.5934515783 33741.5053308147 155909.159143616 53.821675039792 53.821675039792 53.821675039792
64300 299.594820789376 -731.416490231555 24311.7756027675 10045.7535580376 34357.5291608051 32694.4525099043 155909.159143616 53.821675039792 53.821675039792 53.821675039792
64400 303.131977803111 -1154.99135130131 24282.1357603929 10164.3584376629 34446.4941980558 31820.3035474547 155909.159143616 53.821675039792 53.821675039792 53.821675039792
64500 300.376140956083 -1010.10873172575 24471.52499763 10071.952107879 34543.477105509 32246.7169571668 155909.159143616 53.821675039792 53.821675039792 53.821675039792
64600 299.635427371969 -504.552998696924 24494.3684428352 10047.1151427289 34541.483585564 33394.2435076035 155909.159143616 53.821675039792 53.821675039792 53.821675039792
64700 297.999718880567 -726.662349553065 24298.7430675226 9992.2679849772 34291.0110524998 32638.7442486055 155909.159143616 53.821675039792 53.821675039792 53.821675039792
64800 300.269207291921 -331.454019868946 24195.9121990741 10068.3665010437 34264.2787001179 33510.6267813366 155909.159143616 53.821675039792 53.821675039792 53.821675039792
64900 298.873105367316 -1065.02234456672 24374.1843318188 10021.5536227719 34395.7379545907 31974.1165971398 155909.159143616 53.821675039792 53.821675039792 53.821675039792
65000 300.093935638106 -1556.24403659478 24465.7500736976 10062.4894440395 34528.2395177371 30989.6904763489 155909.159143616 53.821675039792 53.821675039792 53.821675039792
65100 300.909424366668 -923.052979363899 24460.0606011968 10089.8337044473 34549.8943056441 32451.0793650095 155909.159143616 53.821675039792 53.821675039792 53.821675039792
65200 299.927497747709 -90.8088010534988 24407.780134936 10056.9085931248 34464.6887280608 34258.2099314445 155909.159143616 53.821675039792 53.821675039792 53.821675039792
65300 296.918092764041 -955.680294854366 24360.8289503656 9955.99983661628 34316.8287869819 32143.8266666781 155909.159143616 53.821675039792 53.821675039792 53.821675039792
65400 295.653620642535 -643.497438069993 24258.5220232325 9913.60065468053 34172.1226779131 32708.9541843645 155909.159143616 53.821675039792 53.821675039792 53.821675039792
65500 294.213527850451 -148.86677269168 24140.060490106 9865.31271281334 34005.3732029193 33666.8836322506 155909.159143616 53.821675039792 53.821675039792 53.821675039792
65600 296.933065027854 -902.173667781946 24226.7792446676 9956.50187357431 34183.2811182419 32131.9410377487 155909.159143616 53.821675039792 53.821675039792 53.821675039792
65700 297.009242768339 -1289.15367003726 24381.1681824999 9959.0561994652 34340.2243819651 31408.9787829175 155909.159143616 53.821675039792 53.821675039792 53.821675039792
65800 299.507724167095 -690.02884991424 24426.9720430103 10042.8331096772 34469.8051526875 32900.8346904861 155909.159143616 53.821675039792 53.821675039792 53.821675039792
65900 300.638096489852 -1656.39694991547 24466.9848694319 10080.7357735261 34547.720642958 30781.4463945395 155909.159143616 53.821675039792 53.821675039792 53.821675039792
66000 300.571845300997 -922.116072904485 24472.3443945515 10078.5142961507 34550.8586907022 32454.1740647071 155909.159143616 53.821675039792 53.821675039792 53.821675039792
66100 299.454321473733 -483.848098611586 24356.4947597118 10041.0424569034 34397.5372166152 33297.3754262666 155909.159143616 53.821675039792 53.821675039792 53.821675039792
66200 298.955257160492 -457.067811849491 24248.1984764642 10024.3082654137 34272.5067418778 33233.2373024856 155909.159143616 53.821675039792 53.821675039792 53.821675039792
66300 298.379197810344 -1482.91609900875 24322.5267145073 10004.9923431586 34327.5190576659 30955.7012596756 155909.159143616 53.821675039792 53.821675039792 53.821675039792
66400 299.626092425944 -504.528755981834 24357.8801200835 10046.8021314191 34404.6822515027 33257.4972960257 155909.159143616 53.821675039792 53.821675039792 53.821675039792
66500 299.825321224413 -1746.01704959006 24409.0525706194 10053.4824986091 34462.5350692285 30492.4848638678 155909.159143616 53.821675039792 53.821675039792 53.821675039792
66600 300.232199100567 -1082.69226558395 24416.1727466034 10067.125574485 34483.2983210884 32021.4995360576 155909.159143616 53.821675039792 53.821675039792 53.821675039792
66700 302.975526152288 -852.253712477638 24317.0894553357 10159.112436668 34476.2018920036 32538.3685661288 155909.159143616 53.821675039792 53.821675039792 53.821675039792
66800 300.737562380135 -305.398343561911 24330.8403224509 10084.0709774477 34414.9112998986 33720.5041308166 155909.159143616 53.821675039792 53.821675039792 53.821675039792
66900 297.204253888438 -1728.08947982603 24308.0182102528 9965.59514312394 34273.6133533767 30344.3264109178 155909.159143616 53.821675039792 53.821675039792 53.821675039792
67000 293.966818288513 -920.146240046662 24254.7752261536 9857.04026186408 34111.8154880177 32019.6098190543 155909.159143616 53.821675039792 53.821675039792 53.821675039792
67100 297.165385092258 -1159.61594289624 24234.5112196587 9964.29182837873 34198.8030480374 31562.0971159186 155909.159143616 53.821675039792 53.821675039792 53.821675039792
67200 302.577830413999 -342.224143445151 24249.090520346 10145.7772482712 34394.8677686173 33616.7270103224 155909.159143616 53.821675039792 53.821675039792 53.821675039792
67300 300.341925958959 -308.434764847123 24388.0052406802 10070.8048402854 34458.8100809656 33757.4987725742 155909.159143616 53.821675039792 53.821675039792 53.821675039792
67400 297.76367944017 -784.009732493487 24528.5717992003 9984.35331528446 34512.9251144847 32730.2632554718 155909.159143616 53.821675039792 53.821675039792 53.821675039792
67500 303.663708941765 -802.60859331935 24321.7164358627 10182.1879847958 34503.9044206585 32678.9529337989 155909.159143616 53.821675039792 53.821675039792 53.821675039792
67600 298.010280498415 -1418.58258851628 24378.3357228522 9992.62212798209 34370.9578508343 31145.4199912914 155909.159143616 53.821675039792 53.821675039792 53.821675039792
67700 295.986840680206 -507.086697112453 24334.3742420924 9924.77389983285 34259.1481419253 33106.1470034315 155909.159143616 53.821675039792 53.821675039792 53.821675039792
67800 301.513467662049 -1118.22465737736 24252.6990991354 10110.087960071 34362.7870592064 31820.1956041558 155909.159143616 53.821675039792 53.821675039792 53.821675039792
67900 302.677111071855 -635.867368758506 24372.3578075016 10149.1062411399 34521.4640486414 33075.644617202 155909.159143616 53.821675039792 53.821675039792 53.821675039792
68000 299.252877481887 -865.819739656676 24483.7494268118 10034.2878117714 34518.0372385832 32549.3578170184 155909.159143616 53.821675039792 53.821675039792 53.821675039792
68100 297.723703996647 -834.589152130137 24465.432998188 9983.01289340086 34448.4458915889 32550.7778043363 155909.159143616 53.821675039792 53.821675039792 53.821675039792
68200 299.876458091105 70.9646691838164 24283.4816094368 10055.1971756491 34338.6787850859 34500.0364874821 155909.159143616 53.821675039792 53.821675039792 53.821675039792
68300 296.460663051444 -562.731584641901 24343.6605695308 9940.661700427 34284.3222699578 33004.7971681296 155909.159143616 53.821675039792 53.821675039792 53.821675039792
68400 302.546558102514 -1153.35013722073 24319.1691095498 10144.7286522589 34463.8977618087 31841.4388630248 155909.159143616 53.821675039792 53.821675039792 53.821675039792
68500 301.288265423684 -991.54835258521 24480.7340313011 10102.5366740328 34583.2707053339 32328.7126861381 155909.159143616 53.821675039792 53.821675039792 53.821675039792
68600 303.106056734753 -976.59166924935 24362.4444677157 10163.4892748916 34525.9337426073 32305.3838585342 155909.159143616 53.821675039792 53.821675039792 53.821675039792
68700 302.076182652869 -872.497387067636 24256.9458668248 10128.9564308486 34385.9022976734 32402.0394072636 155909.159143616 53.821675039792 53.821675039792 53.821675039792
68800 298.976041854586 -1134.93082760978 24291.4547700857 10025.0051997401 34316.4599698259 31735.8824397953 155909.159143616 53.821675039792 53.821675039792 53.821675039792
68900 298.239316357851 -783.01121737483 24378.9563795377 10000.3019596754 34379.2583392131 32598.866879079 155909.159143616 53.821675039792 53.821675039792 53.821675039792
69000 300.312717274822 -1219.91955661968 24378.4079568438 10069.8254400347 34448.2333968785 31674.410605504 155909.159143616 53.821675039792 53.821675039792 53.821675039792
69100 303.558550759825 -1334.09176235289 24273.9017591779 10178.6619118898 34452.5636710677 31419.1389537417 155909.159143616 53.821675039792 53.821675039792 53.821675039792
69200 301.46653399145 -946.012618720226 24295.0769908567 10108.514220955 34403.5912118118 32252.571213407 155909.159143616 53.821675039792 53.821675039792 53.821675039792
69300 298.090117932884 -156.122148612193 24353.9360412879 9995.29916755595 34349.2352088439 33994.248544593 155909.159143616 53.821675039792 53.821675039792 53.821675039792
69400 298.609230571615 -109.892638407597 24284.5013442473 10012.7056020992 34297.2069463465 34047.3357942978 155909.159143616 53.821675039792 53.821675039792 53.821675039792
69500 298.472374855792 -1517.60264589198 24354.6864888861 10008.1166749924 34362.8031638785 30912.1159570189 155909.159143616 53.821675039792 53.821675039792 53.821675039792
69600 303.142752513983 -761.159358928626 24359.3192407964 10164.7197259181 34524.0389667145 32793.3337196287 155909.159143616 53.821675039792 53.821675039792 53.821675039792
69700 298.012707467417 -862.799088777987 24541.2064629963 9992.70350700066 34533.9099699969 32572.0988293828 155909.159143616 53.821675039792 53.821675039792 53.821675039792
69800 297.826549490642 -1601.58389949862 24433.1197905123 9986.46141926158 34419.5812097739 30777.9395141217 155909.159143616 53.821675039792 53.821675039792 53.821675039792
69900 299.419691625975 -507.846769833362 24234.8054113215 10039.8812788984 34274.6866902198 33119.9573172495 155909.159143616 53.821675039792 53.821675039792 53.821675039792
70000 295.897242529415 -1004.11385180714 24359.6806496095 9921.76957238907 34281.4502219986 31998.3210827337 155909.159143616 53.821675039792 53.821675039792 53.821675039792
70100 297.946004969166 -475.908825711247 24350.143216324 9990.46689671024 34340.6101130342 33258.500444236 155909.159143616 53.821675039792 53.821675039792 53.821675039792
70200 301.297652214495 -1126.93192826596 24315.4320348011 10102.8514237569 34418.283458558 31855.8936272043 155909.159143616 53.821675039792 53.821675039792 53.821675039792
70300 301.212790071258 -1189.06855771454 24376.5149373801 10100.0059000088 34476.5208373889 31772.8462811463 155909.159143616 53.821675039792 53.821675039792 53.821675039792
70400 300.486369669324 -1206.38211176497 24418.3595190877 10075.6482014407 34494.0077205284 31750.9660350647 155909.159143616 53.821675039792 53.821675039792 53.821675039792
70500 301.410346999394 -908.52838180035 24354.7556086798 10106.6302074935 34461.3858161733 32395.5965447631 155909.159143616 53.821675039792 53.821675039792 53.821675039792
70600 300.443269492414 -279.70410663945 24304.2955064029 10074.2030037086 34378.4985101115 33742.5142588323 155909.159143616 53.821675039792 53.821675039792 53.821675039792
70700 297.119498576346 -611.907563861302 24332.385444422 9962.75320154508 34295.1386459671 32903.7984238658 155909.159143616 53.821675039792 53.821675039792 53.821675039792
70800 298.821379317564 -1469.51386842734 24303.6737735798 10019.8191897568 34323.4929633366 30982.1488244005 155909.159143616 53.821675039792 53.821675039792 53.821675039792
70900 300.02713053643 -354.246808520304 24441.7941268476 10060.2493933401 34502.0435201877 33696.5659246255 155909.159143616 53.821675039792 53.821675039792 53.821675039792
71000 305.653176518688 -816.017932337052 24295.7371604739 10248.8970852296 34544.6342457035 32689.1929368037 155909.159143616 53.821675039792 53.821675039792 53.821675039792
71100 304.495168887612 -864.382270372839 24250.7155157173 10210.0677782026 34460.78329392 32495.3723543134 155909.159143616 53.821675039792 53.821675039792 53.821675039792
71200 299.635686902166 -236.380369716667 24338.6103584331 10047.1238450702 34385.7342035033 33848.2583893025 155909.159143616 53.821675039792 53.821675039792 53.821675039792
71300 298.458445617841 -841.809315220285 24395.1451050748 10007.6496118725 34402.7947169473 32488.7096021716 155909.159143616 53.821675039792 53.821675039792 53.821675039792
71400 301.309069782419 -652.599863141198 24306.3978250339 10103.234267737 34409.6320927708 32925.7667311523 155909.159143616 53.821675039792 53.821675039792 53.821675039792
71500 301.544942891256 -949.57152237108 24283.1844142745 10111.1433601442 34394.3277744187 32235.2156292772 155909.159143616 53.821675039792 53.821675039792 53.821675039792
71600 301.131300741892 -903.904388527189 24272.8588484314 10097.2734705287 34370.1323189601 32314.8569686184 155909.159143616 53.821675039792 53.821675039792 53.821675039792
71700 304.691342273031 -745.895302143532 24145.9367313465 10216.6456939335 34362.58242528 32666.5842114322 155909.159143616 53.821675039792 53.821675039792 53.821675039792
71800 300.636612972625 -514.67713349377 24304.936343786 10080.6860295137 34385.6223732997 33215.3622890691 155909.159143616 53.821675039792 53.821675039792 53.821675039792
71900 300.454114830151 -1409.90777496682 24399.6666678914 10074.5666601626 34474.233328054 31268.4200441225 155909.159143616 53.821675039792 53.821675039792 53.821675039792
72000 300.804059282017 -121.090981634579 24488.3524635887 10086.3006938591 34574.6531574478 34299.3194906783 155909.159143616 53.821675039792 53.821675039792 53.821675039792
72100 302.125143045722 -910.54400437703 24430.6282741983 10130.5981282565 34561.2264024548 32490.8540584874 155909.159143616 53.821675039792 53.821675039792 53.821675039792
72200 300.753035657318 -1380.18795518378 24253.2557189742 10084.5898139514 34337.8455329256 31199.6084371308 155909.159143616 53.821675039792 53.821675039792 53.821675039792
72300 299.154301534562 -327.016062510428 24252.2783972654 10030.9824486447 34283.2608459101 33539.6998443549 155909.159143616 53.821675039792 53.821675039792 53.821675039792
72400 298.658932580886 -884.643689800521 24342.4664503651 10014.3721667452 34356.8386171103 32345.3577651976 155909.159143616 53.821675039792 53.821675039792 53.821675039792
72500 300.649009738241 -1745.57384472162 24412.6471030402 10081.1017071011 34493.7488101413 30524.7063530036 155909.159143616 53.821675039792 53.821675039792 53.821675039792
72600 301.065316444827 -1725.82636210611 24406.646020365 10095.0609423372 34501.7069627022 30577.5658411108 155909.159143616 53.821675039792 53.821675039792 53.821675039792
72700 301.094921094996 -727.567988170158 24360.0161051445 10096.0536197773 34456.0697249218 32801.7437024314 155909.159143616 53.821675039792 53.821675039792 53.821675039792
72800 301.729890447642 -1171.93006082556 24314.9268664001 10117.3448611171 34432.2717275172 31767.5662598695 155909.159143616 53.821675039792 53.821675039792 53.821675039792
72900 301.528961863879 -1049.94709756558 24305.108157913 10110.6074982017 34415.7156561147 32028.3720209041 155909.159143616 53.821675039792 53.821675039792 53.821675039792
73000 301.240202140146 -1216.07437140602 24314.2168627013 10100.925057716 34415.1419204173 31650.0622156872 155909.159143616 53.821675039792 53.821675039792 53.821675039792
73100 298.75403857153 -1533.43393828145 24384.7510557813 10017.5611782955 34402.3122340768 30915.628227749 155909.159143616 53.821675039792 53.821675039792 53.821675039792
73200 299.916172293519 -763.305330260865 24337.4374696265 10056.5288378226 34393.9663074491 32658.3816040428 155909.159143616 53.821675039792 53.821675039792 53.821675039792
73300 303.245696449008 -550.902412513167 24277.4082961574 10168.171552618 34445.5798487753 33192.9516247583 155909.159143616 53.821675039792 53.821675039792 53.821675039792
73400 303.451557305058 -1659.79570510257 24357.6935972634 10175.0743002078 34532.7678974712 30758.7656439157 155909.159143616 53.821675039792 53.821675039792 53.821675039792
73500 298.314441664058 -1120.33227417668 24509.4954871785 10002.8209962533 34512.3164834318 31964.9327816451 155909.159143616 53.821675039792 53.821675039792 53.821675039792
73600 301.50156066913 -1063.68699710198 24210.3031463328 10109.6887051167 34319.9918514495 31901.4067739008 155909.159143616 53.821675039792 53.821675039792 53.821675039792
73700 296.579931723812 -1403.6478090735 24312.1326431832 9944.66091405373 34256.7935572369 31065.2140282887 155909.159143616 53.821675039792 53.821675039792 53.821675039792
73800 299.596214238113 -766.953199003166 24291.6856716378 10045.8002819515 34337.4859535893 32593.606816831 155909.159143616 53.821675039792 53.821675039792 53.821675039792
73900 298.021523562137 -1162.00018110659 24431.3066401022 9992.99912063867 34424.3057607408 31782.1786069914 155909.159143616 53.821675039792 53.821675039792 53.821675039792
74000 302.697287546473 -1163.96627644554 24301.3598148052 10149.7827811787 34451.1425959838 31804.5449834803 155909.159143616 53.821675039792 53.821675039792 53.821675039792
74100 301.553598955115 -1506.59618287824 24318.3116240691 10111.4336077662 34429.7452318353 31004.0842472329 155909.159143616 53.821675039792 53.821675039792 53.821675039792
74200 299.625819278852 628.733072476007 24330.9785365319 10046.7929724879 34377.7715090197 35807.3691547509 155909.159143616 53.821675039792 53.821675039792 53.821675039792
74300 299.023338939614 -434.995959152726 24288.3085003158 10026.5911245534 34314.8996248691 33325.8166159885 155909.159143616 53.821675039792 53.821675039792 53.821675039792
74400 296.934736961154 -769.149674221018 24304.8560071858 9956.55793539093 34261.4139425768 32512.5405150171 155909.159143616 53.821675039792 53.821675039792 53.821675039792
74500 298.97338415897 -1056.34650890848 24327.9812663102 10024.916084197 34352.8973505072 31951.0028927132 155909.159143616 53.821675039792 53.821675039792 53.821675039792
74600 307.392095703158 -1050.42932168265 24182.7725494854 10307.2050143804 34489.9775638657 32101.5374594337 155909.159143616 53.821675039792 53.821675039792 53.821675039792
74700 300.263183904091 -1403.54485845911 24393.0826312579 10068.1645300298 34461.2471612877 31269.9017188897 155909.159143616 53.821675039792 53.821675039792 53.821675039792
74800 298.929958801138 -1235.68410796677 24316.8604404539 10023.4599827804 34340.3204232343 31530.6525865163 155909.159143616 53.821675039792 53.821675039792 53.821675039792
74900 296.487088214294 -736.582372968109 24262.1701230321 9941.54776605729 34203.7178890893 32528.8951823159 155909.159143616 53.821675039792 53.821675039792 53.821675039792
75000 296.323841946734 -1376.20303689937 24271.5474830943 9936.07393387002 34207.6214169643 31078.4451294 155909.159143616 53.821675039792 53.821675039792 53.821675039792
75100 303.473252132259 -374.471401890334 24288.1270417203 10175.8017523279 34463.9287940482 33612.4650203551 155909.159143616 53.821675039792 53.821675039792 53.821675039792
75200 302.701113013658 -822.79042495776 24344.3787605005 10149.9110534248 34494.2898139253 32623.4493794981 155909.159143616 53.821675039792 53.821675039792 53.821675039792
75300 302.019975963492 -1179.34003602046 24300.6833602738 10127.0717569136 34427.7551171874 31746.2010319668 155909.159143616 53.821675039792 53.821675039792 53.821675039792
75400 296.94902741579 -721.964961669931 24358.0908587115 9957.03711051524 34315.1279692268 32673.5419692425 155909.159143616 53.821675039792 53.821675039792 53.821675039792
75500 300.851256477168 -1192.78956842332 24168.4160981594 10087.8832692517 34256.299367411 31544.1640694294 155909.159143616 53.821675039792 53.821675039792 53.821675039792
75600 300.171612725162 -1769.54370898495 24312.6204214177 10065.0940447186 34377.7144661363 30354.1699269236 155909.159143616 53.821675039792 53.821675039792 53.821675039792
75700 303.125802354638 -1362.37858540444 24389.2687638135 10164.1513678834 34553.4201316969 31455.6775386142 155909.159143616 53.821675039792 53.821675039792 53.821675039792
75800 301.187834239797 -415.693849689836 24445.531335829 10099.1691027236 34544.7004385526 33599.5060868046 155909.159143616 53.821675039792 53.821675039792 53.821675039792
75900 298.286444160561 -838.756219786226 24405.9669287438 10001.8822082608 34407.8491370046 32500.7060748039 155909.159143616 53.821675039792 53.821675039792 53.821675039792
76000 299.47567012391 -953.955219920293 24270.258985989 10041.7583013159 34312.017287305 32142.9375995444 155909.159143616 53.821675039792 53.821675039792 53.821675039792
76100 300.317342074384 -1362.42635386278 24231.5576958312 10069.9805148004 34301.5382106317 31203.6870028147 155909.159143616 53.821675039792 53.821675039792 53.821675039792
76200 296.6805005474 -1600.33204960602 24394.8193274712 9948.03310057792 34342.8524280491 30704.0571575932 155909.159143616 53.821675039792 53.821675039792 53.821675039792
76300 301.233115749967 -441.03628664677 24304.5352630518 10100.6874430297 34405.2227060815 33402.4053505553 155909.159143616 53.821675039792 53.821675039792 53.821675039792
76400 299.029167269177 -1241.25736204631 24382.7079289047 10026.7865550428 34409.4944839474 31587.1543205141 155909.159143616 53.821675039792 53.821675039792 53.821675039792
76500 299.645777063772 -1151.85388051275 24353.8226031494 10047.4621796135 34401.2847827629 31782.2280353223 155909.159143616 53.821675039792 53.821675039792 53.821675039792
76600 298.688032918238 -1286.46142933387 24344.7854215129 10015.3479340056 34360.1333555185 31435.009306521 155909.159143616 53.821675039792 53.821675039792 53.821675039792
76700 297.707737530662 -468.831089523542 24343.7665950555 9982.47751971829 34326.2441147738 33260.227626745 155909.159143616 53.821675039792 53.821675039792 53.821675039792
76800 298.054504907151 -868.969210459525 24354.2600484733 9994.10502248017 34348.3650709535 32372.5244608936 155909.159143616 53.821675039792 53.821675039792 53.821675039792
76900 301.553747995614 -821.045474616723 24307.526105245 10111.4386052629 34418.9647105079 32552.0919008306 155909.159143616 53.821675039792 53.821675039792 53.821675039792
77000 297.961801348891 -1076.48491572226 24497.6984984318 9990.99656720791 34488.6950656397 32041.0103985661 155909.159143616 53.821675039792 53.821675039792 53.821675039792
77100 303.214624405595 -1053.60337105145 24350.3259159815 10167.129671821 34517.4555878025 32121.7984087426 155909.159143616 53.821675039792 53.821675039792 53.821675039792
77200 299.326182386444 -1479.8890543004 24380.9478670543 10036.7458082208 34417.6936752751 31052.7586963666 155909.159143616 53.821675039792 53.821675039792 53.821675039792
77300 298.2352878555 -1310.94053152526 24268.0867504361 10000.1668794303 34268.2536298664 31287.4696062399 155909.159143616 53.821675039792 53.821675039792 53.821675039792
77400 297.649256889098 -313.547552599025 24287.8623703587 9980.51659759181 34268.3789679505 33555.442329744 155909.159143616 53.821675039792 53.821675039792 53.821675039792
77500 300.128967289089 -595.901166550857 24351.1248055851 10063.6640949617 34414.7889005468 33059.8436271342 155909.159143616 53.821675039792 53.821675039792 53.821675039792
77600 303.056718677426 -1202.73668837568 24356.4874334765 10161.8349139663 34518.3223474428 31783.5695351483 155909.159143616 53.821675039792 53.821675039792 53.821675039792
77700 302.119980248846 -837.934906341835 24332.3059817686 10130.4250138316 34462.7309956002 32557.4554155122 155909.159143616 53.821675039792 53.821675039792 53.821675039792
77800 299.398842674508 -1175.18101865018 24334.5480501607 10039.1821899494 34373.7302401101 31701.6328252976 155909.159143616 53.821675039792 53.821675039792 53.821675039792
77900 296.71567809004 -554.706748172393 24346.9842183284 9949.21264341253 34296.1968617409 33034.9184337818 155909.159143616 53.821675039792 53.821675039792 53.821675039792
78000 298.885480558552 -1104.3335909251 24328.9900796755 10021.9685769459 34350.9586566213 31839.9523634879 155909.159143616 53.821675039792 53.821675039792 53.821675039792
78100 303.588955564782 -546.888506651875 24376.4425454078 10179.6814194259 34556.1239648336 33312.6224602794 155909.159143616 53.821675039792 53.821675039792 53.821675039792
78200 302.722903903115 -1421.64667784971 24401.0582207169 10150.6417266211 34551.6999473379 31319.1950375648 155909.159143616 53.821675039792 53.821675039792 53.821675039792
78300 302.656366581455 -295.674902253989 24240.7189138796 10148.4106548888 34389.1295687684 33716.8313190525 155909.159143616 53.821675039792 53.821675039792 53.821675039792
78400 300.678832820834 -1450.62593202527 24249.197142021 10082.1017088277 34331.2988508487 31032.9016326254 155909.159143616 53.821675039792 53.821675039792 53.821675039792
78500 298.080697535032 -752.488433828904 24357.8408099259 9994.9832909497 34352.8241008756 32641.8345879408 155909.159143616 53.821675039792 53.821675039792 53.821675039792
78600 299.822877444345 2.1184751888574 24352.8105445183 10053.4005558965 34406.2111004148 34411.0280366873 155909.159143616 53.821675039792 53.821675039792 53.821675039792
78700 302.008672172657 -938.112057738902 24368.3189524465 10126.6927280082 34495.0116804547 32361.9557814003 155909.159143616 53.821675039792 53.821675039792 53.821675039792
78800 301.315018917614 -839.660477470571 24545.0713952203 10103.433748976 34648.5051441963 32739.30600333 155909.159143616 53.821675039792 53.821675039792 53.821675039792
78900 304.032035098131 -713.994254726359 24387.147618118 10194.538377857 34581.6859959749 32958.223591488 155909.159143616 53.821675039792 53.821675039792 53.821675039792
79000 300.110151406813 -1041.80091483691 24336.6018602799 10063.0331771247 34399.6350374046 32030.8139901735 155909.159143616 53.821675039792 53.821675039792 53.821675039792
79100 297.500100465696 -1985.66448150088 24371.9384637475 9975.51521383241 34347.4536775799 29832.4990931383 155909.159143616 53.821675039792 53.821675039792 53.821675039792
79200 299.347913845004 -467.051195545456 24291.5601987926 10037.4744886318 34329.0346874245 33267.0652781197 155909.159143616 53.821675039792 53.821675039792 53.821675039792
79300 299.659022053857 -1502.45127332397 24359.1904425661 10047.9062991277 34407.0967416938 30990.8603494978 155909.159143616 53.821675039792 53.821675039792 53.821675039792
79400 305.307005318739 -275.1002634624 24301.7295485817 10237.2895729421 34539.0191215238 33913.5029745251 155909.159143616 53.821675039792 53.821675039792 53.821675039792
79500 301.449639488304 -448.098555060489 24428.7603669222 10107.9477291357 34536.7080960579 33517.8327300027 155909.159143616 53.821675039792 53.821675039792 53.821675039792
79600 301.569237333589 -302.511774315827 24207.7793412248 10111.9579803031 34319.7373215279 33631.8935619102 155909.159143616 53.821675039792 53.821675039792 53.821675039792
79700 300.199678947846 -1449.85486620118 24200.8998917198 10066.0351369432 34266.935028663 30970.2910407612 155909.159143616 53.821675039792 53.821675039792 53.821675039792
79800 300.298815319213 -1809.07713948076 24252.9048700526 10069.3592917226 34322.2641617751 30208.8294901062 155909.159143616 53.821675039792 53.821675039792 53.821675039792
79900 301.776398771934 -1540.69768496269 24316.149544771 10118.9043378898 34435.0538826608 30931.8537495229 155909.159143616 53.821675039792 53.821675039792 53.821675039792
80000 300.754710303192 -1044.67277518345 24487.9971128125 10084.6459667236 34572.6430795361 32197.2920675712 155909.159143616 53.821675039792 53.821675039792 53.821675039792
