-195415.2336416263,-196540.7097662948,-197441.50380773377,-198137.36863005813
