# Fix print output for fix thermo_output
135100 300.045172398254 -1233.60679617082 26247.8652826438 10060.854357395 36308.7196400389 31944.88286502 242558.14081971 62.3646685277327 62.3646685277327 62.3646685277327
135200 297.295793249718 -1153.50976760389 26290.4177229759 9968.66456155333 36259.0822845293 32178.5856790969 242558.14081971 62.3646685277327 62.3646685277327 62.3646685277327
135300 300.539178691882 -1054.68480841498 26183.2050228019 10077.4189477602 36260.6239705621 32529.7168717189 242558.14081971 62.3646685277327 62.3646685277327 62.3646685277327
135400 298.925455946753 -862.634561877422 26304.881480416 10023.3089969745 36328.1904773905 33276.6537671455 242558.14081971 62.3646685277327 62.3646685277327 62.3646685277327
135500 299.894422961781 -1430.55066961461 26296.4112105364 10055.7995581037 36352.21076864 31291.6925873446 242558.14081971 62.3646685277327 62.3646685277327 62.3646685277327
135600 298.863769371006 -890.504743400119 26322.5704068603 10021.2405762449 36343.8109831053 33193.6845735876 242558.14081971 62.3646685277327 62.3646685277327 62.3646685277327
135700 302.704224829387 -1429.86644975876 26149.6200587732 10150.0153961295 36299.6354549027 31241.537675131 242558.14081971 62.3646685277327 62.3646685277327 62.3646685277327
135800 299.689437704 -1224.75285112574 26182.0616678414 10048.9261703152 36230.9878381566 31898.4715544902 242558.14081971 62.3646685277327 62.3646685277327 62.3646685277327
135900 297.989963635608 -1512.59063656556 26226.4965965982 9991.94088056833 36218.4374771665 30867.7060561961 242558.14081971 62.3646685277327 62.3646685277327 62.3646685277327
136000 298.4764343732 -1321.49201050034 26222.3379247443 10008.2527952075 36230.5907199517 31555.8633666206 242558.14081971 62.3646685277327 62.3646685277327 62.3646685277327
136100 300.394990021822 -1036.54566579067 26173.6107870319 10072.5841383951 36246.1949254271 32579.4543486044 242558.14081971 62.3646685277327 62.3646685277327 62.3646685277327
136200 299.46142609183 -1460.10896274818 26282.1396772405 10041.2806827924 36323.4203600329 31158.3408493224 242558.14081971 62.3646685277327 62.3646685277327 62.3646685277327
136300 301.577858100508 -1053.20056317663 26231.9939500158 10112.2470443787 36344.2409943945 32618.5843562121 242558.14081971 62.3646685277327 62.3646685277327 62.3646685277327
136400 299.593379729527 -1087.90613483576 26226.1478855812 10045.7052376692 36271.8531232505 32423.4268550901 242558.14081971 62.3646685277327 62.3646685277327 62.3646685277327
136500 300.251921623947 -740.475773787861 26111.6377577617 10067.7868930248 36179.4246507865 33560.019972816 242558.14081971 62.3646685277327 62.3646685277327 62.3646685277327
136600 297.948921049968 -1393.56883979617 26167.7938999214 9990.56467620126 36158.3585761227 31228.6622008275 242558.14081971 62.3646685277327 62.3646685277327 62.3646685277327
136700 296.812516230505 -1677.6307940838 26217.2300746799 9952.45973590753 36169.6898105874 30235.1351560156 242558.14081971 62.3646685277327 62.3646685277327 62.3646685277327
136800 299.184284685855 -1277.89588175997 26231.7996773767 10031.987817656 36263.7874950327 31743.279776707 242558.14081971 62.3646685277327 62.3646685277327 62.3646685277327
136900 301.048413790818 -1501.27825896836 26232.1386457352 10094.4941772102 36326.6328229454 31015.9185042841 242558.14081971 62.3646685277327 62.3646685277327 62.3646685277327
137000 301.135799450541 -1406.29041062808 26170.4977723435 10097.4243173233 36267.9220896669 31293.2236449889 242558.14081971 62.3646685277327 62.3646685277327 62.3646685277327
137100 300.280068171474 -1430.14159575153 26079.6907512863 10068.7306786324 36148.4214299187 31089.35033174 242558.14081971 62.3646685277327 62.3646685277327 62.3646685277327
137200 297.215092621363 -884.185338702059 26160.5337983501 9965.95857811109 36126.4923764612 32998.7206189309 242558.14081971 62.3646685277327 62.3646685277327 62.3646685277327
137300 299.153341853939 -1470.56827425596 26172.3443928614 10030.9502694668 36203.2946623282 31001.2157379141 242558.14081971 62.3646685277327 62.3646685277327 62.3646685277327
137400 300.258591947644 -708.12967998258 26231.9507541151 10068.0105565309 36299.961310646 33794.9797001504 242558.14081971 62.3646685277327 62.3646685277327 62.3646685277327
137500 302.271363952306 -1250.30478721224 26149.523044327 10135.5010808132 36285.0241251402 31862.1188466065 242558.14081971 62.3646685277327 62.3646685277327 62.3646685277327
137600 297.46054919801 -1533.82460487464 26210.5958438751 9974.18901504488 36184.78485892 30758.9390886493 242558.14081971 62.3646685277327 62.3646685277327 62.3646685277327
137700 299.871766830199 -976.936093092562 26052.9859456153 10055.0398723592 36108.0258179745 32652.1518205925 242558.14081971 62.3646685277327 62.3646685277327 62.3646685277327
137800 298.045607904125 -1353.82561380421 26112.444156413 9993.80669589507 36106.2508523081 31317.1446161722 242558.14081971 62.3646685277327 62.3646685277327 62.3646685277327
137900 299.468173533973 -1026.10572176316 26126.6487937873 10041.5069321673 36168.1557259546 32538.3460511161 242558.14081971 62.3646685277327 62.3646685277327 62.3646685277327
138000 302.026241982928 -598.353154470187 26131.9344091413 10127.28186364 36259.2162727813 34142.5649151278 242558.14081971 62.3646685277327 62.3646685277327 62.3646685277327
138100 301.647443978122 -1041.46862755672 26157.5871142664 10114.5803376439 36272.1674519103 32588.0120864667 242558.14081971 62.3646685277327 62.3646685277327 62.3646685277327
138200 297.019149061463 -1269.20836743823 26220.7697113419 9959.38836869008 36180.158080032 31690.3821107518 242558.14081971 62.3646685277327 62.3646685277327 62.3646685277327
138300 300.971723952863 -1119.96253505998 26009.8770691943 10091.9226801113 36101.7997493057 32139.9751936137 242558.14081971 62.3646685277327 62.3646685277327 62.3646685277327
138400 297.181642324329 -1004.81571806628 26159.7159333332 9964.83695177738 36124.5528851106 32570.0557826096 242558.14081971 62.3646685277327 62.3646685277327 62.3646685277327
138500 301.973595845067 -1134.75977375171 26088.4828643998 10125.5165790288 36213.9994434286 32199.8302228303 242558.14081971 62.3646685277327 62.3646685277327 62.3646685277327
138600 300.534580273381 -1302.23211986973 26178.2426397004 10077.2647575813 36255.5073972817 31648.9111691013 242558.14081971 62.3646685277327 62.3646685277327 62.3646685277327
138700 301.163156025303 -1240.69822058949 26099.8841587042 10098.3416142497 36198.2257729539 31809.3033557665 242558.14081971 62.3646685277327 62.3646685277327 62.3646685277327
138800 300.470508645738 -952.115987455956 25998.888960247 10075.1163633611 36074.0053236082 32705.9314989173 242558.14081971 62.3646685277327 62.3646685277327 62.3646685277327
138900 298.955632529448 -1284.98071416042 26016.659867602 10024.3208519598 36040.9807195618 31495.4106780794 242558.14081971 62.3646685277327 62.3646685277327 62.3646685277327
139000 299.212975187758 -1456.41106988555 26099.5958786191 10032.9498426698 36132.5457212889 30980.5473648928 242558.14081971 62.3646685277327 62.3646685277327 62.3646685277327
139100 303.121362450329 -1267.22319640941 26109.2107402976 10164.0024928648 36273.2132331624 31790.4597303335 242558.14081971 62.3646685277327 62.3646685277327 62.3646685277327
139200 301.936905438897 -1085.48327577262 26201.6350500444 10124.2863081671 36325.9213582115 32486.0658611536 242558.14081971 62.3646685277327 62.3646685277327 62.3646685277327
139300 300.332841436178 -1662.98972064277 26155.565660622 10070.5002259506 36226.0658865725 30343.3034683163 242558.14081971 62.3646685277327 62.3646685277327 62.3646685277327
139400 298.313502102017 -1628.34452936248 26137.3291595617 10002.7894916742 36140.118651236 30379.912269681 242558.14081971 62.3646685277327 62.3646685277327 62.3646685277327
139500 297.133173392614 -1630.35526383766 26179.9924021556 9963.21173361789 36143.2041357734 30375.8848580551 242558.14081971 62.3646685277327 62.3646685277327 62.3646685277327
139600 300.008542961078 -1203.58729155087 26184.5532523937 10059.6261308927 36244.1793832865 31986.5354556441 242558.14081971 62.3646685277327 62.3646685277327 62.3646685277327
139700 300.743092998842 -1387.41717570204 26267.9318924908 10084.256425355 36352.1883178458 31444.2532185786 242558.14081971 62.3646685277327 62.3646685277327 62.3646685277327
139800 302.362771073957 -1468.91973635151 26198.8989260331 10138.5660650981 36337.4649911312 31141.2177063894 242558.14081971 62.3646685277327 62.3646685277327 62.3646685277327
139900 298.469744143869 -1440.40117840066 26175.1928339436 10008.028464243 36183.2212981866 31087.857319489 242558.14081971 62.3646685277327 62.3646685277327 62.3646685277327
140000 295.955764900676 -1370.8130678973 26137.7054076551 9923.73189375958 36061.4373014147 31212.2385973097 242558.14081971 62.3646685277327 62.3646685277327 62.3646685277327
140100 298.445330263884 -1358.77928158285 26038.7754234767 10007.2098392044 36045.9852626812 31239.3556165813 242558.14081971 62.3646685277327 62.3646685277327 62.3646685277327
140200 298.814756820823 -1232.67077305317 26165.5587499336 10019.5971299427 36185.1558798763 31824.6302507718 242558.14081971 62.3646685277327 62.3646685277327 62.3646685277327
140300 300.600200562322 -815.224050010535 26249.1770662508 10079.4650801682 36328.642146419 33444.818305339 242558.14081971 62.3646685277327 62.3646685277327 62.3646685277327
140400 301.026928402788 -1360.76205805196 26262.5043152997 10093.7737478227 36356.2780631224 31542.6344212344 242558.14081971 62.3646685277327 62.3646685277327 62.3646685277327
140500 297.449436886989 -1297.55518675153 26236.2234765159 9973.8164066744 36210.0398831903 31619.9881267158 242558.14081971 62.3646685277327 62.3646685277327 62.3646685277327
140600 299.100556675439 -1394.17175745205 26067.2954417534 10029.1803226656 36096.475764419 31164.6465910173 242558.14081971 62.3646685277327 62.3646685277327 62.3646685277327
140700 295.42261160251 -996.802963971737 26145.3954784469 9905.85466000792 36051.2501384549 32525.0978465496 242558.14081971 62.3646685277327 62.3646685277327 62.3646685277327
140800 301.251196178791 -1242.98784351053 26005.065585888 10101.2937002798 36106.3592861678 31709.3374156256 242558.14081971 62.3646685277327 62.3646685277327 62.3646685277327
140900 298.537689543774 -928.521578650791 26156.3838920582 10010.3067504332 36166.6906424914 32882.0811349139 242558.14081971 62.3646685277327 62.3646685277327 62.3646685277327
141000 301.845899525294 -1338.41852131805 26145.4889034666 10121.2347768424 36266.723680309 31532.1194435103 242558.14081971 62.3646685277327 62.3646685277327 62.3646685277327
141100 301.896003678891 -1544.90413899138 26238.2383072702 10122.914825843 36361.1531331133 30896.113935424 242558.14081971 62.3646685277327 62.3646685277327 62.3646685277327
141200 302.950414478972 -1413.38491175073 26089.0589370015 10158.2704138289 36247.3293508304 31247.5343802615 242558.14081971 62.3646685277327 62.3646685277327 62.3646685277327
141300 300.683542596642 -1450.64955676338 25987.6545174064 10082.2596329432 36069.9141503496 30938.2969258671 242558.14081971 62.3646685277327 62.3646685277327 62.3646685277327
141400 298.941881197802 -1079.34932077555 26075.3795317577 10023.8597542397 36099.2392859974 32281.0824197152 242558.14081971 62.3646685277327 62.3646685277327 62.3646685277327
141500 300.722758986054 -1236.31708449924 26140.1535931683 10083.574602883 36223.7281960513 31850.3038799171 242558.14081971 62.3646685277327 62.3646685277327 62.3646685277327
141600 301.449465206118 -1530.64192886539 26151.9377812431 10107.9418852567 36259.8796664998 30845.2924906655 242558.14081971 62.3646685277327 62.3646685277327 62.3646685277327
141700 297.784570001414 -1708.11750629994 26172.4453621583 9985.05379945638 36157.4991616147 30115.0989306962 242558.14081971 62.3646685277327 62.3646685277327 62.3646685277327
141800 296.843857344338 -1270.07196860446 25971.3411536645 9953.51063894039 35924.8517926049 31432.0208672885 242558.14081971 62.3646685277327 62.3646685277327 62.3646685277327
141900 296.093962776748 -1477.7474208067 26047.1315071918 9928.36582501913 35975.497332211 30748.0224519473 242558.14081971 62.3646685277327 62.3646685277327 62.3646685277327
142000 296.827072252705 -1840.037811095 26141.6577612841 9952.94781581298 36094.6055770971 29585.5423225772 242558.14081971 62.3646685277327 62.3646685277327 62.3646685277327
142100 299.652640057014 -683.284646436822 26158.2359071804 10047.6923035475 36205.928210728 33788.8349544471 242558.14081971 62.3646685277327 62.3646685277327 62.3646685277327
142200 297.792928688731 -1290.35747315013 26274.0951105888 9985.33407570623 36259.429186295 31694.8390659005 242558.14081971 62.3646685277327 62.3646685277327 62.3646685277327
142300 301.879589035809 -1275.23916082643 26039.6719882167 10122.364424275 36162.0364124917 31650.9267426744 242558.14081971 62.3646685277327 62.3646685277327 62.3646685277327
142400 294.790829688931 -825.769267268766 26084.9237254928 9884.67029710901 35969.5940226019 33048.4668795176 242558.14081971 62.3646685277327 62.3646685277327 62.3646685277327
142500 299.606025328201 -874.55078038035 25957.323236775 10046.1292589108 36003.4524956858 32909.7626190643 242558.14081971 62.3646685277327 62.3646685277327 62.3646685277327
142600 297.749205262957 -1660.29726748957 26131.6128628344 9983.8679797341 36115.4808425685 30242.2428741786 242558.14081971 62.3646685277327 62.3646685277327 62.3646685277327
142700 298.785506229281 -1107.55131771022 26180.9689348775 10018.6163244893 36199.5852593668 32281.6649095058 242558.14081971 62.3646685277327 62.3646685277327 62.3646685277327
142800 300.114985946526 -566.093924071186 26119.2343952894 10063.1952847151 36182.4296800045 34179.8941138544 242558.14081971 62.3646685277327 62.3646685277327 62.3646685277327
142900 298.776529043343 -1111.66987178554 25946.7396454884 10018.3153092803 35965.0549547687 32032.5653776713 242558.14081971 62.3646685277327 62.3646685277327 62.3646685277327
143000 297.421067442786 -1026.47417479127 25942.9725613576 9972.86514708889 35915.8377084465 32284.7246451387 242558.14081971 62.3646685277327 62.3646685277327 62.3646685277327
143100 298.034713612692 -757.142015982699 26041.4225947854 9993.44139796822 36034.8639927536 33356.5031215967 242558.14081971 62.3646685277327 62.3646685277327 62.3646685277327
143200 299.071253918812 -753.999739421717 26109.5161572401 10028.1977680577 36137.7139252978 33470.468737077 242558.14081971 62.3646685277327 62.3646685277327 62.3646685277327
143300 298.803215929224 -1043.38935404559 26118.469163136 10019.2101507802 36137.6793139162 32446.7294521121 242558.14081971 62.3646685277327 62.3646685277327 62.3646685277327
143400 302.150713123832 -716.610712766767 26026.3231721821 10131.4555219273 36157.7786941094 33622.7957550959 242558.14081971 62.3646685277327 62.3646685277327 62.3646685277327
143500 300.271657034053 -1346.72181517516 26112.6937047428 10068.4486436711 36181.142348414 31417.1655277418 242558.14081971 62.3646685277327 62.3646685277327 62.3646685277327
143600 300.455018221077 -1298.09495333685 26155.8563532507 10074.5969518832 36230.4533051339 31638.4921450454 242558.14081971 62.3646685277327 62.3646685277327 62.3646685277327
143700 302.024568973536 -1643.07430640139 26117.445027286 10127.2257657408 36244.6707930268 30432.3583895776 242558.14081971 62.3646685277327 62.3646685277327 62.3646685277327
143800 300.184502401916 -1718.29742059435 26153.3810662078 10065.5262501745 36218.9073163823 30140.4960286974 242558.14081971 62.3646685277327 62.3646685277327 62.3646685277327
143900 300.196573129074 -1051.09757937689 26056.7740589474 10065.9309953233 36122.7050542707 32404.4876407027 242558.14081971 62.3646685277327 62.3646685277327 62.3646685277327
144000 296.829306683931 -986.70218094076 26101.6856156397 9953.02273882194 36054.7083544617 32564.2871955105 242558.14081971 62.3646685277327 62.3646685277327 62.3646685277327
144100 299.063638366346 -1041.56958519355 25987.7533278414 10027.9424099608 36015.6957378022 32331.1832385866 242558.14081971 62.3646685277327 62.3646685277327 62.3646685277327
144200 299.99579109462 -1097.95043648406 26046.6568533287 10059.1985463721 36105.8553997008 32221.8977993134 242558.14081971 62.3646685277327 62.3646685277327 62.3646685277327
144300 300.670351653315 -1019.03079736604 26178.2091887686 10081.817325678 36260.0265144465 32655.2441135826 242558.14081971 62.3646685277327 62.3646685277327 62.3646685277327
144400 300.815826299382 -1139.24437602717 26184.9505265491 10086.6952552746 36271.6457818237 32241.6124525063 242558.14081971 62.3646685277327 62.3646685277327 62.3646685277327
144500 296.21826119348 -1822.63107169718 26214.0628379045 9932.53369166937 36146.5965295739 29699.1089487234 242558.14081971 62.3646685277327 62.3646685277327 62.3646685277327
144600 298.333065245541 -1546.98356847057 26005.5981763313 10003.445466027 36009.0436423583 30536.6485425611 242558.14081971 62.3646685277327 62.3646685277327 62.3646685277327
144700 297.341179215241 -864.850950455493 25894.21056418 9970.18640436568 35864.3969685457 32805.0198686281 242558.14081971 62.3646685277327 62.3646685277327 62.3646685277327
144800 296.989590871696 -1101.9639998284 25770.8425080957 9958.39724911985 35729.2397572156 31831.0843302799 242558.14081971 62.3646685277327 62.3646685277327 62.3646685277327
144900 295.715113773762 -915.914408401965 26002.5094500149 9915.66258899631 35918.1720390112 32678.1599131371 242558.14081971 62.3646685277327 62.3646685277327 62.3646685277327
145000 303.007410370197 -1186.08900969451 25883.4350737615 10160.1815505955 36043.6166243569 31847.8721983236 242558.14081971 62.3646685277327 62.3646685277327 62.3646685277327
145100 300.495236662378 -1456.0253022183 26053.2810638023 10075.9455217575 36129.2265855597 30978.5928675056 242558.14081971 62.3646685277327 62.3646685277327 62.3646685277327
145200 303.544112029136 -1479.47717274873 25997.431989991 10178.1777649014 36175.6097548925 30942.0159434104 242558.14081971 62.3646685277327 62.3646685277327 62.3646685277327
145300 301.490693189487 -1342.93805646558 26028.0875017967 10109.3243062195 36137.4118080162 31386.819888802 242558.14081971 62.3646685277327 62.3646685277327 62.3646685277327
145400 298.043579483145 -1795.85912580064 26003.5811186278 9993.73868064292 35997.3197992707 29644.5369512449 242558.14081971 62.3646685277327 62.3646685277327 62.3646685277327
145500 296.505716110325 -1108.28444255734 25978.3334588659 9942.17238050271 35920.5058393686 31999.9920884511 242558.14081971 62.3646685277327 62.3646685277327 62.3646685277327
145600 296.814172054506 -1594.30747599877 26057.1219757213 9952.51525756109 36009.6372332824 30369.83562385 242558.14081971 62.3646685277327 62.3646685277327 62.3646685277327
145700 300.350369137277 -1126.2944974686 26145.753718898 10071.0879496142 36216.8416685123 32232.618038413 242558.14081971 62.3646685277327 62.3646685277327 62.3646685277327
145800 302.089307772101 -1441.8871656644 26111.0668278913 10129.3965309574 36240.4633588487 31139.8427571422 242558.14081971 62.3646685277327 62.3646685277327 62.3646685277327
145900 300.38745230722 -1137.92401688537 26038.7825050734 10072.3313902899 36111.1138953634 32085.7512859198 242558.14081971 62.3646685277327 62.3646685277327 62.3646685277327
146000 297.867736103065 -750.527945959097 26020.1141010317 9987.84245300975 36007.9565540414 33352.9927021707 242558.14081971 62.3646685277327 62.3646685277327 62.3646685277327
146100 300.486864905976 -1134.16576987548 25951.1204808549 10075.6648072864 36026.7852881413 32014.7173334956 242558.14081971 62.3646685277327 62.3646685277327 62.3646685277327
146200 299.063075997776 -1702.53169073534 26137.741217133 10027.9235531059 36165.6647702389 30143.0241478562 242558.14081971 62.3646685277327 62.3646685277327 62.3646685277327
146300 302.369336955636 -1246.95655514381 26235.7006107325 10138.786226545 36374.4868372776 31963.4258013963 242558.14081971 62.3646685277327 62.3646685277327 62.3646685277327
146400 303.847527833043 -1073.95146492373 26165.2430442695 10188.3516403498 36353.5946846193 32554.5325265907 242558.14081971 62.3646685277327 62.3646685277327 62.3646685277327
146500 299.288711010223 -1645.3607899131 26194.7684066004 10035.4893505491 36230.2577571495 30409.8570058857 242558.14081971 62.3646685277327 62.3646685277327 62.3646685277327
146600 299.011213091831 -1023.44324411454 26064.3851791138 10026.1845311477 36090.5697102615 32470.1784480904 242558.14081971 62.3646685277327 62.3646685277327 62.3646685277327
146700 298.728506607162 -1304.95355987081 26020.0140712507 10016.7050626216 36036.7191338723 31420.4959159618 242558.14081971 62.3646685277327 62.3646685277327 62.3646685277327
146800 298.379464084288 -968.556294847451 26115.8988176467 10005.0012716254 36120.9000892721 32694.6693071048 242558.14081971 62.3646685277327 62.3646685277327 62.3646685277327
146900 300.165041208555 -1415.20707559811 26232.3948247703 10064.8736943262 36297.2685190965 31291.0277137348 242558.14081971 62.3646685277327 62.3646685277327 62.3646685277327
147000 303.472827173434 -705.347551747009 26107.2055418604 10175.7875029773 36282.9930448377 33787.8531063764 242558.14081971 62.3646685277327 62.3646685277327 62.3646685277327
147100 299.47236262129 -1086.23325598334 26158.5970329464 10041.6473970081 36200.2444299545 32357.7359066372 242558.14081971 62.3646685277327 62.3646685277327 62.3646685277327
147200 300.168986283131 -884.606390151254 26059.9632150681 10065.0059771435 36124.9691922116 32995.7079813126 242558.14081971 62.3646685277327 62.3646685277327 62.3646685277327
147300 300.800634625681 -1332.75644410475 25996.1417762319 10086.1858612546 36082.3276374865 31367.7527818837 242558.14081971 62.3646685277327 62.3646685277327 62.3646685277327
147400 298.349114896929 -1290.22573023419 26052.8373421837 10003.9836290103 36056.820971194 31492.6968863168 242558.14081971 62.3646685277327 62.3646685277327 62.3646685277327
147500 298.510958460968 -1438.27105758453 25988.2333696554 10009.4104269603 35997.6437966157 30909.8150386883 242558.14081971 62.3646685277327 62.3646685277327 62.3646685277327
147600 298.836100957908 -1350.85195737291 25964.4447288438 10020.3128230261 35984.7575518699 31206.1705114222 242558.14081971 62.3646685277327 62.3646685277327 62.3646685277327
147700 299.750951874691 -1286.58747112676 26037.2138213395 10050.988810108 36088.2026314476 31536.9487487606 242558.14081971 62.3646685277327 62.3646685277327 62.3646685277327
147800 301.791383247185 -708.044101617773 26088.362352905 10119.4067843112 36207.7691372162 33703.0902569071 242558.14081971 62.3646685277327 62.3646685277327 62.3646685277327
147900 303.65427529913 -881.428381949845 25998.7280980087 10181.871664077 36180.5997620857 33062.5806334318 242558.14081971 62.3646685277327 62.3646685277327 62.3646685277327
148000 297.387691677251 -1019.73738138234 26039.3156365944 9971.74601988071 36011.0616564751 32403.7797417268 242558.14081971 62.3646685277327 62.3646685277327 62.3646685277327
148100 299.008503753472 -1079.88113074669 25888.3059461154 10026.0936839648 35914.3996300802 32094.3615064018 242558.14081971 62.3646685277327 62.3646685277327 62.3646685277327
148200 298.763062455944 -1768.11844415774 25982.4965789004 10017.8637593572 36000.3603382577 29745.7090886417 242558.14081971 62.3646685277327 62.3646685277327 62.3646685277327
148300 296.937745869857 -1415.62649367505 26131.060991696 9956.65882750655 36087.7198192025 31079.9953384639 242558.14081971 62.3646685277327 62.3646685277327 62.3646685277327
148400 302.256894239371 -769.654568115327 26000.3683948786 10135.0158949551 36135.3842898338 33412.7607449341 242558.14081971 62.3646685277327 62.3646685277327 62.3646685277327
148500 302.715378543956 -1446.23461083582 26005.9601562392 10150.3893928078 36156.349549047 31040.3500266218 242558.14081971 62.3646685277327 62.3646685277327 62.3646685277327
148600 300.004819695965 -1102.63399157155 26066.4188385599 10059.5012855978 36125.9201241577 32225.3946271018 242558.14081971 62.3646685277327 62.3646685277327 62.3646685277327
148700 296.679863344112 -1153.3600691866 26060.4380558168 9948.01173443023 36008.449790247 31928.4827372301 242558.14081971 62.3646685277327 62.3646685277327 62.3646685277327
148800 299.884516120618 -1238.28728759017 25877.2461964922 10055.4673705024 35932.7135669947 31552.3197329159 242558.14081971 62.3646685277327 62.3646685277327 62.3646685277327
148900 300.16919115175 -1232.59318364075 25879.6637196302 10065.0128466203 35944.6765662504 31584.4254067195 242558.14081971 62.3646685277327 62.3646685277327 62.3646685277327
149000 301.577428691653 -1128.42345560548 26046.7008349655 10112.2326458136 36158.9334807791 32167.178742843 242558.14081971 62.3646685277327 62.3646685277327 62.3646685277327
149100 300.476801664851 -1164.07247417681 26132.0890611189 10075.3273754173 36207.4164365362 32089.554661319 242558.14081971 62.3646685277327 62.3646685277327 62.3646685277327
149200 298.748077827731 -1380.39735600885 26148.4627953079 10017.3613078069 36165.8241031148 31282.7213470434 242558.14081971 62.3646685277327 62.3646685277327 62.3646685277327
149300 296.387774038432 -1196.74132623191 26081.651643294 9938.21764929193 36019.869292586 31786.4427049519 242558.14081971 62.3646685277327 62.3646685277327 62.3646685277327
149400 295.392049143227 -1327.80133177756 26008.7144390351 9904.82986614375 35913.5443051789 31216.4979695752 242558.14081971 62.3646685277327 62.3646685277327 62.3646685277327
149500 297.664507277357 -1030.02526296327 26051.526439499 9981.02796037743 36032.5543998764 32388.8794982223 242558.14081971 62.3646685277327 62.3646685277327 62.3646685277327
149600 305.446211067855 -1035.52218882094 25973.3599074356 10241.957299326 36215.3172067616 32552.1971405042 242558.14081971 62.3646685277327 62.3646685277327 62.3646685277327
149700 298.302566808485 -1970.36428621632 26149.99125999 10002.4228189006 36152.4140788907 29182.3259121716 242558.14081971 62.3646685277327 62.3646685277327 62.3646685277327
149800 298.345935025765 -1080.63326958469 26040.436066217 10003.8770043298 36044.3130705468 32221.6142845476 242558.14081971 62.3646685277327 62.3646685277327 62.3646685277327
149900 297.414556512777 -1410.44959525698 26011.9528660453 9972.6468282337 35984.599694279 30995.1882933381 242558.14081971 62.3646685277327 62.3646685277327 62.3646685277327
150000 297.144459112683 -1706.04837186675 26079.1282893713 9963.5901565901 36042.7184459614 30007.6376988201 242558.14081971 62.3646685277327 62.3646685277327 62.3646685277327
150100 299.889249977109 -1306.10336002446 26162.8794511052 10055.6261020705 36218.5055531756 31598.2149612769 242558.14081971 62.3646685277327 62.3646685277327 62.3646685277327
150200 301.852278936116 -744.852737328869 26103.344081273 10121.4486857103 36224.7927669834 33589.9047481927 242558.14081971 62.3646685277327 62.3646685277327 62.3646685277327
150300 299.551863160602 -1124.73289210896 26087.9084560402 10044.313140106 36132.2215961462 32153.5220851727 242558.14081971 62.3646685277327 62.3646685277327 62.3646685277327
150400 298.975609757866 -1199.63120789717 26042.6331577868 10024.9907110479 36067.6238688347 31823.9744355374 242558.14081971 62.3646685277327 62.3646685277327 62.3646685277327
150500 298.450806496929 -961.733105453894 26046.1603533291 10007.3934634989 36053.553816828 32651.4598057055 242558.14081971 62.3646685277327 62.3646685277327 62.3646685277327
150600 301.733787980403 -1116.80697646446 25937.2356491083 10117.4755498036 36054.7111989119 32104.0493108444 242558.14081971 62.3646685277327 62.3646685277327 62.3646685277327
150700 299.984707997707 -1161.70818591269 26035.8417117616 10058.8269175837 36094.6686293453 31985.1704332733 242558.14081971 62.3646685277327 62.3646685277327 62.3646685277327
150800 303.43001239196 -930.122569954791 26078.3919264172 10174.3518748774 36252.7438012945 32962.4708483222 242558.14081971 62.3646685277327 62.3646685277327 62.3646685277327
150900 303.772036650459 -1057.19080650747 26116.2948827035 10185.8203355226 36302.1152182262 32562.3432471497 242558.14081971 62.3646685277327 62.3646685277327 62.3646685277327
151000 302.793851964646 -1279.76279289051 25980.3839438172 10153.0206954553 36133.4046392725 31606.2927943544 242558.14081971 62.3646685277327 62.3646685277327 62.3646685277327
151100 299.755448252995 -674.939914907684 25981.1593441484 10051.1395787636 36032.298922912 33644.7248346817 242558.14081971 62.3646685277327 62.3646685277327 62.3646685277327
151200 300.080337459516 -1591.53606997296 25973.6708954318 10062.0334817148 36035.7043771466 30405.7065103424 242558.14081971 62.3646685277327 62.3646685277327 62.3646685277327
151300 298.806523904435 -1254.26022597264 26051.0598342912 10019.3210709345 36070.3809052256 31633.4834136323 242558.14081971 62.3646685277327 62.3646685277327 62.3646685277327
151400 301.414588530305 -966.028995006867 26025.1478822071 10106.7724308274 36131.9203130345 32714.6297572181 242558.14081971 62.3646685277327 62.3646685277327 62.3646685277327
151500 302.64564349548 -1459.81616160867 26124.5254774772 10148.0510976748 36272.5765751519 31108.5328372536 242558.14081971 62.3646685277327 62.3646685277327 62.3646685277327
151600 303.498284353038 -1117.55772683512 26097.3277513852 10176.6411110334 36273.9688624186 32320.6512236803 242558.14081971 62.3646685277327 62.3646685277327 62.3646685277327
151700 303.019638693621 -783.691568226936 25920.5527729489 10160.5915801254 36081.1443530743 33308.8654581165 242558.14081971 62.3646685277327 62.3646685277327 62.3646685277327
151800 296.592877226796 -1686.23951088643 26098.9837329953 9945.09499142637 36044.0787244217 30079.0710640091 242558.14081971 62.3646685277327 62.3646685277327 62.3646685277327
151900 300.78342757455 -1439.44778109239 25970.2587063069 10085.6088893474 36055.8675956544 30963.8762234048 242558.14081971 62.3646685277327 62.3646685277327 62.3646685277327
152000 300.51417230985 -1452.34587803837 26022.5892649369 10076.5804554571 36099.169720394 30961.5518243969 242558.14081971 62.3646685277327 62.3646685277327 62.3646685277327
152100 303.183070934709 -705.89566395484 26025.6322300973 10166.0716482157 36191.7038783129 33694.6250139177 242558.14081971 62.3646685277327 62.3646685277327 62.3646685277327
152200 299.867701794192 -1431.60179211245 26194.9668921118 10054.9035670993 36249.8704592111 31185.633972354 242558.14081971 62.3646685277327 62.3646685277327 62.3646685277327
152300 303.891405738638 -1109.38379067216 25950.1629513349 10189.8229162052 36139.9858675401 32215.5832147887 242558.14081971 62.3646685277327 62.3646685277327 62.3646685277327
152400 298.328349894859 -1205.98707243128 25993.2708774779 10003.2873549797 35996.5582324576 31730.4251719 242558.14081971 62.3646685277327 62.3646685277327 62.3646685277327
152500 298.979892598063 -1174.11504249227 25998.6209507603 10025.1343195289 36023.7552702893 31870.3682944436 242558.14081971 62.3646685277327 62.3646685277327 62.3646685277327
152600 299.939511403426 -1473.06423404233 26032.7881211731 10057.3114246035 36090.0995457766 30879.1912592526 242558.14081971 62.3646685277327 62.3646685277327 62.3646685277327
152700 301.800282638357 -664.628548221688 26025.2108553924 10119.7051909735 36144.9160463659 33793.8180227007 242558.14081971 62.3646685277327 62.3646685277327 62.3646685277327
152800 303.168628686535 -1597.45511411903 26169.5277928875 10165.5873832821 36335.1151761696 30684.1789174906 242558.14081971 62.3646685277327 62.3646685277327 62.3646685277327
152900 304.008760837941 -980.174317617539 26123.0471287057 10193.7579655604 36316.8050942661 32849.4760017016 242558.14081971 62.3646685277327 62.3646685277327 62.3646685277327
153000 300.125810232437 -969.677480224865 26068.8093152225 10063.5582352776 36132.3675505001 32702.1706180191 242558.14081971 62.3646685277327 62.3646685277327 62.3646685277327
153100 298.06467577864 -1817.54488853804 26079.5571704751 9994.44606331722 36074.0032337923 29644.5078309869 242558.14081971 62.3646685277327 62.3646685277327 62.3646685277327
153200 300.297866007682 -1311.4746266556 25997.1300795849 10069.3274602321 36066.457539817 31427.1662980141 242558.14081971 62.3646685277327 62.3646685277327 62.3646685277327
153300 298.640933338082 -1127.55817065593 26145.7047922851 10013.7686317543 36159.4734240394 32170.7795984584 242558.14081971 62.3646685277327 62.3646685277327 62.3646685277327
153400 307.146189711553 -1631.21649879541 25975.183876365 10298.9595080542 36274.1433844192 30503.7775210366 242558.14081971 62.3646685277327 62.3646685277327 62.3646685277327
153500 303.811924676247 -831.165007382188 26020.5483039537 10187.1578261906 36207.7061301443 33267.49176315 242558.14081971 62.3646685277327 62.3646685277327 62.3646685277327
153600 296.407307512483 -1046.86624598828 26068.4637246093 9938.87262879369 36007.3363534029 32304.0871195709 242558.14081971 62.3646685277327 62.3646685277327 62.3646685277327
153700 299.449417563901 -1536.80785619236 25941.2145921934 10040.8780232543 35982.0926154477 30545.6937079457 242558.14081971 62.3646685277327 62.3646685277327 62.3646685277327
153800 299.020322805649 -999.950751405065 26003.7629387275 10026.4899901665 36030.252928894 32492.9654595528 242558.14081971 62.3646685277327 62.3646685277327 62.3646685277327
153900 299.122399213212 -1362.87672545883 26157.4198995324 10029.9127276884 36187.3326272208 31366.2084304059 242558.14081971 62.3646685277327 62.3646685277327 62.3646685277327
154000 304.703824776002 -1299.43172357468 26051.9210795971 10217.0642463915 36268.9853259886 31672.2953924029 242558.14081971 62.3646685277327 62.3646685277327 62.3646685277327
154100 301.932661168209 -1205.55078689235 26048.9990867412 10124.1439929654 36173.1430797065 31908.5533625263 242558.14081971 62.3646685277327 62.3646685277327 62.3646685277327
154200 302.111089325402 -995.943179564486 25964.0558087506 10130.1268911018 36094.1826998524 32571.0718623446 242558.14081971 62.3646685277327 62.3646685277327 62.3646685277327
154300 300.629233218041 -1819.49131632642 25997.1268668176 10080.4385779868 36077.5654448044 29641.1846282762 242558.14081971 62.3646685277327 62.3646685277327 62.3646685277327
154400 298.369642417578 -582.333581823691 26045.0932302981 10004.67194002 36049.7651703181 33989.7824371014 242558.14081971 62.3646685277327 62.3646685277327 62.3646685277327
154500 300.210032640868 -1317.06934514282 25931.2605381246 10066.3823079933 35997.6428461179 31338.5605020317 242558.14081971 62.3646685277327 62.3646685277327 62.3646685277327
154600 300.506518299704 -1275.87229926772 25963.865502977 10076.3238078307 36040.1893108076 31526.8399380134 242558.14081971 62.3646685277327 62.3646685277327 62.3646685277327
154700 303.605680042647 -1489.07500719831 25995.9872455281 10180.242210105 36176.2294556331 30908.6836725329 242558.14081971 62.3646685277327 62.3646685277327 62.3646685277327
154800 306.051660819432 -567.607905755462 25969.6457805187 10262.2587150184 36231.9044955371 34224.013277188 242558.14081971 62.3646685277327 62.3646685277327 62.3646685277327
154900 299.926363459271 -1483.10376149667 26033.9455585312 10056.8705591492 36090.8161176803 30844.3933874575 242558.14081971 62.3646685277327 62.3646685277327 62.3646685277327
155000 298.181113487479 -1480.68900203234 25933.9745221747 9998.35035153146 35932.3248737062 30694.4442625654 242558.14081971 62.3646685277327 62.3646685277327 62.3646685277327
